0 0 -80.21394
0 30 -80.095924
0 60 -79.981514
0 90 -79.87107
0 120 -79.76499
0 150 -79.66367
0 180 -79.56751
0 210 -79.47692
0 240 -79.392296
0 270 -79.31403
0 300 -79.2425
0 330 -79.17806
0 360 -79.12106
0 390 -79.0718
0 420 -79.03056
0 450 -78.997574
0 480 -78.862915
0 510 -78.67257
0 540 -78.48323
0 570 -78.295425
0 600 -78.10975
0 630 -77.92684
0 660 -77.74742
0 690 -77.57229
0 720 -77.40228
0 750 -77.23832
0 780 -77.081375
0 810 -76.932465
0 840 -76.79265
0 870 -76.662994
0 900 -76.54457
0 930 -76.43842
0 960 -76.34556
0 990 -76.26689
0 1020 -76.203255
0 1050 -76.15531
0 1080 -76.12362
0 1110 -76.10852
0 1140 -76.1102
0 1170 -76.12864
0 1200 -76.16362
0 1230 -76.214745
0 1260 -76.28145
0 1290 -76.36302
0 1320 -76.45862
0 1350 -76.56731
0 1380 -76.68806
0 1410 -76.81983
0 1440 -76.961555
0 1470 -77.11215
0 1500 -77.270584
0 1530 -77.40699
0 1560 -77.41819
0 1590 -77.44174
0 1620 -77.47744
0 1650 -77.52499
0 1680 -77.584
0 1710 -77.65401
0 1740 -78.71057
30 0 -80.00646
30 30 -79.88259
30 60 -79.76233
30 90 -79.646095
30 120 -79.5343
30 150 -79.42739
30 180 -79.32579
30 210 -79.22996
30 240 -79.140335
30 270 -79.05734
30 300 -78.981415
30 330 -78.91296
30 360 -78.85235
30 390 -78.79993
30 420 -78.756004
30 450 -78.720856
30 480 -78.66013
30 510 -78.46048
30 540 -78.261444
30 570 -78.063576
30 600 -77.86748
30 630 -77.67384
30 660 -77.48343
30 690 -77.29707
30 720 -77.115715
30 750 -76.94034
30 780 -76.772026
30 810 -76.61192
30 840 -76.461205
30 870 -76.3211
30 900 -76.192825
30 930 -76.07761
30 960 -75.97661
30 990 -75.8909
30 1020 -75.82145
30 1050 -75.76908
30 1080 -75.73443
30 1110 -75.71791
30 1140 -75.71975
30 1170 -75.739914
30 1200 -75.77816
30 1230 -75.834
30 1260 -75.90677
30 1290 -75.99561
30 1320 -76.09955
30 1350 -76.217476
30 1380 -76.34821
30 1410 -76.49054
30 1440 -76.64323
30 1470 -76.80507
30 1500 -76.974884
30 1530 -77.07166
30 1560 -77.08376
30 1590 -77.10919
30 1620 -77.14772
30 1650 -77.199
30 1680 -77.26257
30 1710 -77.33791
30 1740 -78.500374
60 0 -79.79577
60 30 -79.66564
60 60 -79.53914
60 90 -79.41668
60 120 -79.298744
60 150 -79.18579
60 180 -79.07831
60 210 -78.97679
60 240 -78.88172
60 270 -78.793594
60 300 -78.71287
60 330 -78.64001
60 360 -78.57543
60 390 -78.51954
60 420 -78.47267
60 450 -78.43514
60 480 -78.40719
60 510 -78.24778
60 540 -78.03851
60 570 -77.82996
60 600 -77.62277
60 630 -77.41764
60 660 -77.21538
60 690 -77.016884
60 720 -76.82316
60 750 -76.6353
60 780 -76.45448
60 810 -76.28199
60 840 -76.11915
60 870 -75.96736
60 900 -75.828026
60 930 -75.70257
60 960 -75.59234
60 990 -75.49861
60 1020 -75.42255
60 1050 -75.365105
60 1080 -75.32706
60 1110 -75.308914
60 1140 -75.310936
60 1170 -75.333084
60 1200 -75.37506
60 1230 -75.436295
60 1260 -75.51598
60 1290 -75.6131
60 1320 -75.72649
60 1350 -75.85483
60 1380 -75.996765
60 1410 -76.15088
60 1440 -76.31576
60 1470 -76.49003
60 1500 -76.67235
60 1530 -76.72288
60 1560 -76.735985
60 1590 -76.76353
60 1620 -76.80523
60 1650 -76.86069
60 1680 -76.92938
60 1710 -77.01067
60 1740 -78.28967
90 0 -79.58189
90 30 -79.44509
90 60 -79.31189
90 90 -79.182755
90 120 -79.0582
90 150 -78.93872
90 180 -78.82487
90 210 -78.71717
90 240 -78.61617
90 270 -78.52243
90 300 -78.436455
90 330 -78.35876
90 360 -78.289825
90 390 -78.23011
90 420 -78.17999
90 450 -78.13983
90 480 -78.10991
90 510 -78.03492
90 540 -77.814865
90 570 -77.59502
90 600 -77.37601
90 630 -77.15858
90 660 -76.94357
90 690 -76.73194
90 720 -76.524765
90 750 -76.32323
90 780 -76.12864
90 810 -75.942406
90 840 -75.76605
90 870 -75.60116
90 900 -75.449356
90 930 -75.31228
90 960 -75.191536
90 990 -75.088646
90 1020 -75.004974
90 1050 -74.941696
90 1080 -74.89973
90 1110 -74.87971
90 1140 -74.881935
90 1170 -74.90638
90 1200 -74.95267
90 1230 -75.02011
90 1260 -75.10773
90 1290 -75.2143
90 1320 -75.33844
90 1350 -75.478584
90 1380 -75.63314
90 1410 -75.80046
90 1440 -75.97891
90 1470 -76.16693
90 1500 -76.361084
90 1530 -76.359505
90 1560 -76.37375
90 1590 -76.40368
90 1620 -76.44897
90 1650 -76.50913
90 1680 -76.583565
90 1710 -77.85888
90 1740 -78.0789
120 0 -79.36487
120 30 -79.22094
120 60 -79.08057
120 90 -78.94426
120 120 -78.81256
120 150 -78.686035
120 180 -78.56526
120 210 -78.45084
120 240 -78.34338
120 270 -78.243484
120 300 -78.15175
120 330 -78.06874
120 360 -77.99501
120 390 -77.93106
120 420 -77.87736
120 450 -77.83428
120 480 -77.80217
120 510 -77.781265
120 540 -77.59104
120 570 -77.359245
120 600 -77.127686
120 630 -76.89712
120 660 -76.66841
120 690 -76.44257
120 720 -76.22075
120 750 -76.00423
120 780 -75.79444
120 810 -75.592964
120 840 -75.401505
120 870 -75.22187
120 900 -75.05594
120 930 -74.90565
120 960 -74.772865
120 990 -74.659424
120 1020 -74.56697
120 1050 -74.49692
120 1080 -74.4504
120 1110 -74.4282
120 1140 -74.43067
120 1170 -74.45778
120 1200 -74.50908
120 1230 -74.58371
120 1260 -74.68049
120 1290 -74.797935
120 1320 -74.934364
120 1350 -75.08794
120 1380 -75.25676
120 1410 -75.43891
120 1440 -75.632515
120 1470 -75.835785
120 1500 -75.98199
120 1530 -75.98026
120 1560 -75.995804
120 1590 -76.02845
120 1620 -76.0778
120 1650 -76.143295
120 1680 -76.224205
120 1710 -77.63737
120 1740 -77.8686
150 0 -79.14479
150 30 -78.99325
150 60 -78.84519
150 90 -78.701164
150 120 -78.56176
150 150 -78.4276
150 180 -78.29931
150 210 -78.17756
150 240 -78.06303
150 270 -77.95639
150 300 -77.85831
150 330 -77.76943
150 360 -77.6904
150 390 -77.621765
150 420 -77.56407
150 450 -77.51776
150 480 -77.48321
150 510 -77.4607
150 540 -77.36764
150 570 -77.12325
150 600 -76.878395
150 630 -76.63381
150 660 -76.3904
150 690 -76.149216
150 720 -75.91146
150 750 -75.67852
150 780 -75.45196
150 810 -75.23353
150 840 -75.02515
150 870 -74.82887
150 900 -74.6469
150 930 -74.48147
150 960 -74.33484
150 990 -74.20918
150 1020 -74.10651
150 1050 -74.02855
150 1080 -73.97671
150 1110 -73.951935
150 1140 -73.9547
150 1170 -73.98494
150 1200 -74.04209
150 1230 -74.125114
150 1260 -74.23254
150 1290 -74.36256
150 1320 -74.51312
150 1350 -74.682045
150 1380 -74.86706
150 1410 -75.06592
150 1440 -75.276474
150 1470 -75.49668
150 1500 -75.5856
150 1530 -75.58371
150 1560 -75.60074
150 1590 -75.636475
150 1620 -75.69045
150 1650 -75.76201
150 1680 -75.85027
150 1710 -77.4164
150 1740 -76.072716
180 0 -78.92176
180 30 -78.76209
180 60 -78.60579
180 90 -78.45345
180 120 -78.305725
180 150 -78.16328
180 180 -78.02681
180 210 -77.897064
180 240 -77.77478
180 270 -77.66073
180 300 -77.55565
180 330 -77.4603
180 360 -77.37537
180 390 -77.30153
180 420 -77.23939
180 450 -77.18946
180 480 -77.15218
180 510 -77.12789
180 540 -77.116806
180 570 -76.887764
180 600 -76.628845
180 630 -76.369354
180 660 -76.1102
180 690 -75.852455
180 720 -75.59738
180 750 -75.34646
180 780 -75.10138
180 810 -74.864075
180 840 -74.636696
180 870 -74.42159
180 900 -74.221306
180 930 -74.03848
180 960 -73.87581
180 990 -73.735916
180 1020 -73.62126
180 1050 -73.534
180 1080 -73.47586
180 1110 -73.448044
180 1140 -73.45114
180 1170 -73.48509
180 1200 -73.549164
180 1230 -73.64206
180 1260 -73.76195
180 1290 -73.9066
180 1320 -74.073524
180 1350 -74.260056
180 1380 -74.46351
180 1410 -74.68127
180 1440 -74.91081
180 1470 -75.14983
180 1500 -75.17027
180 1530 -75.16819
180 1560 -75.18692
180 1590 -75.22622
180 1620 -75.285515
180 1650 -75.364
180 1680 -75.46064
180 1710 -77.19667
180 1740 -75.703384
210 0 -78.69592
210 30 -78.527565
210 60 -78.36243
210 90 -78.20115
210 120 -78.04442
210 150 -77.89298
210 180 -77.747604
210 210 -77.6091
210 240 -77.47831
210 270 -77.35608
210 300 -77.24327
210 330 -77.14072
210 360 -77.04923
210 390 -76.96959
210 420 -76.902466
210 450 -76.84849
210 480 -76.80815
210 510 -76.78185
210 540 -76.76985
210 570 -76.65362
210 600 -76.37989
210 630 -76.1046
210 660 -75.82863
210 690 -75.553055
210 720 -75.27919
210 750 -75.00858
210 780 -74.74306
210 810 -74.484726
210 840 -74.235985
210 870 -73.99953
210 900 -73.77826
210 930 -73.57534
210 960 -73.393974
210 990 -73.237366
210 1020 -73.10855
210 1050 -73.01023
210 1080 -72.94458
210 1110 -72.91313
210 1140 -72.91664
210 1170 -72.95502
210 1200 -73.02734
210 1230 -73.13196
210 1260 -73.266556
210 1290 -73.42837
210 1320 -73.6143
210 1350 -73.82115
210 1380 -74.04569
210 1410 -74.28484
210 1440 -74.535706
210 1470 -74.75939
210 1500 -74.7341
210 1530 -74.7318
210 1560 -74.75251
210 1590 -74.79591
210 1620 -74.861336
210 1650 -74.94779
210 1680 -76.70811
210 1710 -76.97901
210 1740 -75.3199
240 0 -78.46747
240 30 -78.289825
240 60 -78.115204
240 90 -77.9443
240 120 -77.77783
240 150 -77.61662
240 180 -77.461525
240 210 -77.31343
240 240 -77.17327
240 270 -77.042015
240 300 -76.92062
240 330 -76.81006
240 360 -76.71126
240 390 -76.6251
240 420 -76.55239
240 450 -76.49385
240 480 -76.45007
240 510 -76.4215
240 540 -76.408455
240 570 -76.411064
240 600 -76.42931
240 630 -75.84055
240 660 -75.546684
240 690 -75.25198
240 720 -74.95779
240 750 -74.66568
240 780 -74.3776
240 810 -74.09584
240 840 -73.823044
240 870 -73.56227
240 900 -73.31691
240 930 -73.09064
240 960 -72.887344
240 990 -72.71096
240 1020 -72.56527
240 1050 -72.453674
240 1080 -72.378975
240 1110 -72.34314
240 1140 -72.34714
240 1170 -72.390854
240 1200 -72.47312
240 1230 -72.59178
240 1260 -72.7439
240 1290 -72.92598
240 1320 -73.13418
240 1350 -73.36458
240 1380 -73.61331
240 1410 -73.87675
240 1440 -74.151566
240 1470 -74.302986
240 1500 -74.27489
240 1530 -74.27232
240 1560 -74.29534
240 1590 -74.34354
240 1620 -74.416084
240 1650 -74.51177
240 1680 -76.47924
240 1710 -74.76626
240 1740 -74.92138
270 0 -78.23663
270 30 -78.04908
270 60 -77.86429
270 90 -77.683
270 120 -77.506004
270 150 -77.334175
270 180 -77.16845
270 210 -77.00982
270 240 -76.85934
270 270 -76.71808
270 300 -76.58714
270 330 -76.467636
270 360 -76.36063
270 390 -76.26714
270 420 -76.18814
270 450 -76.124435
270 480 -76.076744
270 510 -76.0456
270 540 -76.03137
270 570 -76.034225
270 600 -76.054115
270 630 -76.09083
270 660 -75.26561
270 690 -74.95048
270 720 -74.63433
270 750 -74.3188
270 780 -74.00589
270 810 -73.69804
270 840 -73.398155
270 870 -73.109665
270 900 -72.83649
270 930 -72.58296
270 960 -72.35379
270 990 -72.15381
270 1020 -71.987785
270 1050 -71.860085
270 1080 -71.77434
270 1110 -71.733116
270 1140 -71.73772
270 1170 -71.78799
270 1200 -71.88237
270 1230 -72.01805
270 1260 -72.19124
270 1290 -72.397446
270 1320 -72.631874
270 1350 -72.889694
270 1380 -73.166275
270 1410 -73.45734
270 1440 -73.75906
270 1470 -73.82147
270 1500 -73.79006
270 1530 -73.7872
270 1560 -73.81293
270 1590 -73.866745
270 1620 -73.94763
270 1650 -74.05409
270 1680 -76.253914
270 1710 -74.33596
270 1740 -74.50692
300 0 -78.00371
300 30 -77.80558
300 60 -77.60989
300 90 -77.41742
300 120 -77.22901
300 150 -77.04562
300 180 -76.86828
300 210 -76.69808
300 240 -76.53619
300 270 -76.38382
300 300 -76.24223
300 330 -76.1127
300 360 -75.99646
300 390 -75.89471
300 420 -75.80855
300 450 -75.73898
300 480 -75.68684
300 510 -75.652756
300 540 -75.637184
300 570 -75.640305
300 600 -75.66208
300 630 -75.70224
300 660 -75.76027
300 690 -74.65003
300 720 -74.31033
300 750 -73.969376
300 780 -73.629196
300 810 -73.29234
300 840 -72.96196
300 870 -72.64184
300 900 -72.33647
300 930 -72.050964
300 960 -71.791016
300 990 -71.56263
300 1020 -71.37186
300 1050 -71.224365
300 1080 -71.12494
300 1110 -71.07704
300 1140 -71.08239
300 1170 -71.14079
300 1200 -71.25015
300 1230 -71.40672
300 1260 -71.605484
300 1290 -71.840675
300 1320 -72.10622
300 1350 -72.396126
300 1380 -72.704834
300 1410 -73.02734
300 1440 -73.3593
300 1470 -73.311935
300 1500 -73.276596
300 1530 -73.27338
300 1560 -73.30232
300 1590 -73.36282
300 1620 -73.45355
300 1650 -73.57266
300 1680 -76.03339
300 1710 -73.88641
300 1740 -74.07561
330 0 -77.76905
330 30 -77.55966
330 60 -77.352295
330 90 -77.14777
330 120 -76.94702
330 150 -76.75105
330 180 -76.56098
330 210 -76.37804
330 240 -76.20351
330 270 -76.03878
330 300 -75.88528
330 330 -75.74447
330 360 -75.61778
330 390 -75.506645
330 420 -75.412346
330 450 -75.336075
330 480 -75.278824
330 510 -75.24138
330 540 -75.22425
330 570 -75.22768
330 600 -75.251625
330 630 -75.295746
330 660 -75.35943
330 690 -75.441826
330 720 -73.98767
330 750 -73.61928
330 780 -73.24928
330 810 -72.88028
330 840 -72.515594
330 870 -72.15937
330 900 -71.816666
330 930 -71.493484
330 960 -71.196686
330 990 -70.93378
330 1020 -70.71251
330 1050 -70.540344
330 1080 -70.42374
330 1110 -70.367386
330 1140 -70.37369
330 1170 -70.44236
330 1200 -70.570526
330 1230 -70.75307
330 1260 -70.98328
330 1290 -71.253586
330 1320 -71.556244
330 1350 -71.88385
330 1380 -72.229706
330 1410 -72.588005
330 1440 -72.84639
330 1470 -72.77096
330 1500 -72.73092
330 1530 -72.727264
330 1560 -72.76007
330 1590 -72.82855
330 1620 -72.93102
330 1650 -75.48118
330 1680 -73.22795
330 1710 -73.41624
330 1740 -73.62656
360 0 -77.53312
360 30 -77.31173
360 60 -77.091866
360 90 -76.87439
360 120 -76.66026
360 150 -76.450584
360 180 -76.24658
360 210 -76.049576
360 240 -75.86104
360 270 -75.68252
360 300 -75.51564
360 330 -75.36209
360 360 -75.223564
360 390 -75.10171
360 420 -74.998085
360 450 -74.91411
360 480 -74.850975
360 510 -74.80963
360 540 -74.79071
360 570 -74.7945
360 600 -74.820946
360 630 -74.86964
360 660 -74.939835
360 690 -75.03051
360 720 -75.14037
360 750 -73.27086
360 780 -72.86849
360 810 -72.46405
360 840 -72.060936
360 870 -71.66354
360 900 -71.2775
360 930 -70.90974
360 960 -70.56852
360 990 -70.263214
360 1020 -70.00389
360 1050 -69.80049
360 1080 -69.66187
360 1110 -69.594635
360 1140 -69.60216
360 1170 -69.68406
360 1200 -69.83624
360 1230 -70.05159
360 1260 -70.32092
360 1290 -70.6342
360 1320 -70.981445
360 1350 -71.353485
360 1380 -71.74231
360 1410 -72.14126
360 1440 -72.28049
360 1470 -72.19446
360 1500 -72.1487
360 1530 -72.144516
360 1560 -72.18202
360 1590 -72.26016
360 1620 -72.37677
360 1650 -75.25744
360 1680 -72.71259
360 1710 -72.924034
360 1740 -73.15892
390 0 -77.29642
390 30 -77.062294
390 60 -76.82908
390 90 -76.597664
390 120 -76.36908
390 150 -76.14448
390 180 -75.925186
390 210 -75.71268
390 240 -75.50857
390 270 -75.31461
390 300 -75.13267
390 330 -74.96469
390 360 -74.81265
390 390 -74.67851
390 420 -74.56415
390 450 -74.471245
390 480 -74.40128
390 510 -74.35541
390 540 -74.33439
390 570 -74.3386
390 600 -74.367966
390 630 -74.42198
390 660 -74.49973
390 690 -74.59996
390 720 -74.72112
390 750 -74.861435
390 780 -72.4899
390 810 -72.04669
390 840 -71.600746
390 870 -71.156586
390 900 -70.72026
390 930 -70.29964
390 960 -69.90456
390 990 -69.54669
390 1020 -69.23916
390 1050 -68.99548
390 1080 -68.82808
390 1110 -68.746475
390 1140 -68.755615
390 1170 -68.85495
390 1200 -69.03848
390 1230 -69.29598
390 1260 -69.61467
390 1290 -69.98099
390 1320 -70.382065
390 1350 -70.80655
390 1380 -71.24501
390 1410 -71.68996
390 1440 -71.67651
390 1470 -71.57749
390 1500 -71.524704
390 1530 -71.51988
390 1560 -71.563156
390 1590 -71.65314
390 1620 -71.78697
390 1650 -75.043076
390 1680 -72.169556
390 1710 -72.408394
390 1740 -72.67201
420 0 -77.05959
420 30 -76.811966
420 60 -76.564514
420 90 -76.318146
420 120 -76.07392
420 150 -75.833084
420 180 -75.597046
420 210 -75.36741
420 240 -75.145966
420 270 -74.9347
420 300 -74.73574
420 330 -74.55134
420 360 -74.38383
420 390 -74.23553
420 420 -74.108696
420 450 -74.0054
420 480 -73.927444
420 510 -73.87625
420 540 -73.852776
420 570 -73.85748
420 600 -73.890274
420 630 -73.950516
420 660 -73.93533
420 690 -73.50145
420 720 -74.282684
420 750 -74.437645
420 780 -74.611046
420 810 -74.80056
420 840 -71.13904
420 870 -70.6421
420 900 -70.14766
420 930 -69.664345
420 960 -69.2036
420 990 -68.77991
420 1020 -68.4104
420 1050 -68.1137
420 1080 -67.907715
420 1110 -67.80662
420 1140 -67.81796
420 1170 -67.94089
420 1200 -68.16632
420 1230 -68.47908
420 1260 -68.86089
420 1290 -69.29329
420 1320 -69.75961
420 1350 -70.24597
420 1380 -70.741516
420 1410 -71.19379
420 1440 -71.029205
420 1470 -70.91406
420 1500 -70.85251
420 1530 -70.84686
420 1560 -70.897354
420 1590 -71.00207
420 1620 -74.437256
420 1650 -71.35739
420 1680 -71.59653
420 1710 -71.86802
420 1740 -82.16539
450 0 -76.82339
450 30 -76.561485
450 60 -76.29889
450 90 -76.0365
450 120 -75.77541
450 150 -75.51692
450 180 -75.26253
450 210 -75.01397
450 240 -74.773224
450 270 -74.54251
450 300 -74.324265
450 330 -74.1211
450 360 -73.93577
450 390 -73.77104
450 420 -73.62966
450 450 -73.51416
450 480 -73.42677
450 510 -73.36928
450 540 -73.34289
450 570 -73.348175
450 600 -73.38503
450 630 -73.45266
450 660 -73.54964
450 690 -73.2417
450 720 -72.76451
450 750 -72.2692
450 780 -74.18698
450 810 -74.39547
450 840 -74.61816
450 870 -70.1255
450 900 -69.564415
450 930 -69.00699
450 960 -68.46608
450 990 -67.95921
450 1020 -67.508736
450 1050 -67.140594
450 1080 -66.8813
450 1110 -66.75285
450 1140 -66.76732
450 1170 -66.92329
450 1200 -67.206345
450 1230 -67.59311
450 1260 -68.056854
450 1290 -68.572174
450 1320 -69.11763
450 1350 -69.676674
450 1380 -70.23732
450 1410 -70.52484
450 1440 -70.33224
450 1470 -70.19673
450 1500 -70.12402
450 1530 -70.117355
450 1560 -70.17702
450 1590 -70.300354
450 1620 -84.22909
450 1650 -70.715096
450 1680 -70.991165
450 1710 -71.30185
450 1740 -88.07399
480 0 -76.588646
480 30 -76.31174
480 60 -76.03308
480 90 -75.75359
480 120 -75.47436
480 150 -75.1967
480 180 -74.92221
480 210 -74.65275
480 240 -74.39049
480 270 -74.137886
480 300 -73.897736
480 330 -73.67305
480 360 -73.46709
480 390 -73.28319
480 420 -73.12469
480 450 -72.994736
480 480 -72.89612
480 510 -72.831085
480 540 -72.80121
480 570 -72.807205
480 600 -72.84892
480 630 -72.925354
480 660 -73.0347
480 690 -72.99992
480 720 -72.49377
480 750 -71.964584
480 780 -71.41168
480 810 -73.97622
480 840 -74.33417
480 870 -84.47696
480 900 -68.978165
480 930 -68.33391
480 960 -67.69534
480 990 -67.08281
480 1020 -66.52487
480 1050 -66.05794
480 1080 -65.72232
480 1110 -65.55382
480 1140 -65.57287
480 1170 -65.77707
480 1200 -66.142105
480 1230 -66.63043
480 1260 -67.20198
480 1290 -67.82175
480 1320 -68.46282
480 1350 -69.10641
480 1380 -69.740234
480 1410 -69.806076
480 1440 -69.57787
480 1470 -69.416176
480 1500 -69.32901
480 1530 -69.321
480 1560 -69.39258
480 1590 -69.53992
480 1620 -84.03758
480 1650 -70.02969
480 1680 -70.35126
480 1740 -87.77506
510 0 -76.3564
510 30 -76.06375
510 60 -75.76816
510 90 -75.47047
510 120 -75.17175
510 150 -74.87336
510 180 -74.57691
510 210 -74.284386
510 240 -73.99812
510 270 -73.72087
510 300 -73.45575
510 330 -73.2063
510 360 -72.97634
510 390 -72.76991
510 420 -72.59111
510 450 -72.44388
510 480 -72.33175
510 510 -72.25762
510 540 -72.2235
510 570 -72.23035
510 600 -72.27796
510 630 -72.36503
510 660 -72.48921
510 690 -72.64739
510 720 -72.24609
510 750 -71.68376
510 780 -71.09129
510 810 -70.467064
510 840 -69.81006
510 870 -89.12042
510 900 -82.32559
510 930 -67.65631
510 960 -66.90001
510 990 -66.15321
510 1020 -65.45079
510 1050 -64.84329
510 1080 -64.393585
510 1110 -64.16315
510 1140 -64.18936
510 1170 -64.46776
510 1200 -64.95428
510 1230 -65.58552
510 1260 -66.300354
510 1290 -67.05137
510 1320 -67.80662
510 1350 -68.54669
510 1380 -69.260895
510 1410 -69.03087
510 1440 -68.75664
510 1470 -68.56051
510 1500 -68.45413
510 1530 -68.44433
510 1560 -68.53175
510 1590 -68.71074
510 1620 -58.97044
510 1650 -59.29688
510 1680 -69.67503
510 1710 -87.38069
510 1740 -87.46633
540 0 -76.127785
540 30 -75.81874
540 60 -75.505356
540 90 -75.1884
540 120 -74.8689
540 150 -74.548134
540 180 -74.22776
540 210 -73.90983
540 240 -73.59683
540 270 -73.29176
540 300 -72.99817
540 330 -72.72009
540 360 -72.46207
540 390 -72.22898
540 420 -72.025894
540 450 -71.8578
540 480 -71.72923
540 510 -71.64397
540 540 -71.604645
540 570 -71.61253
540 600 -71.66739
540 630 -71.76744
540 660 -71.90965
540 690 -72.08995
540 720 -72.30359
540 750 -72.54555
540 780 -72.81079
540 810 -70.132164
540 840 -69.41792
540 870 -58.657085
540 900 -71.72216
540 930 -66.99237
540 960 -66.09742
540 990 -65.181984
540 1020 -64.284164
540 1050 -63.47093
540 1080 -62.84148
540 1110 -62.508163
540 1140 -62.546486
540 1170 -62.947132
540 1200 -63.62245
540 1230 -64.45958
540 1260 -65.365234
540 1290 -66.27887
540 1320 -67.167015
540 1350 -68.01373
540 1380 -68.59856
540 1410 -68.19182
540 1440 -67.856834
540 1470 -67.61427
540 1500 -67.4816
540 1530 -67.46934
540 1560 -67.57849
540 1590 -67.8003
540 1620 -58.118404
540 1650 -58.512478
540 1680 -74.636696
540 1710 -85.06521
540 1740 -69.95412
570 0 -75.904106
570 30 -75.5781
570 60 -75.24616
570 90 -74.90894
570 120 -74.567345
570 150 -74.22258
570 180 -73.87625
570 210 -73.53041
570 240 -73.18768
570 270 -72.85129
570 300 -72.52515
570 330 -72.2139
570 360 -71.92288
570 390 -71.658035
570 420 -71.425644
570 450 -71.232056
570 480 -71.08322
570 510 -70.98412
570 540 -70.938324
570 570 -70.94752
570 600 -71.011375
570 630 -71.12753
570 660 -71.2919
570 690 -71.4991
570 720 -71.74303
570 750 -71.21919
570 780 -70.55446
570 810 -72.76838
570 840 -72.808075
570 870 -58.242367
570 900 -57.34334
570 930 -56.36946
570 960 -55.318466
570 990 -54.198067
570 1020 -53.03894
570 1050 -51.918087
570 1080 -50.987278
570 1110 -50.465424
570 1140 -50.5266
570 1170 -51.14817
570 1200 -52.133152
570 1230 -53.27108
570 1260 -54.426712
570 1290 -55.534683
570 1320 -56.570427
570 1350 -57.528973
570 1380 -57.777477
570 1410 -57.281086
570 1440 -56.86408
570 1470 -56.556976
570 1500 -56.38701
570 1530 -56.37122
570 1560 -56.511276
570 1590 -56.792904
570 1620 -57.19036
570 1650 -67.67327
570 1680 -78.21257
570 1710 -68.78394
570 1740 -69.36885
600 0 -75.68684
600 30 -75.34343
600 60 -74.992294
600 90 -74.63392
600 120 -74.26902
600 150 -73.89867
600 180 -73.52432
600 210 -73.14801
600 240 -72.77232
600 270 -72.40068
600 300 -72.03735
600 330 -71.68758
600 360 -71.357605
600 390 -71.05463
600 420 -70.78651
600 450 -70.561424
600 480 -70.38723
600 510 -70.270676
600 540 -70.21664
600 570 -70.22749
600 600 -70.30277
600 630 -70.43919
600 660 -70.63117
600 690 -70.871506
600 720 -71.152145
600 750 -71.0484
600 780 -70.35477
600 810 -69.60466
600 840 -68.78899
600 870 -67.89659
600 900 -56.91399
600 930 -55.82516
600 960 -54.612415
600 990 -53.260303
600 1020 -51.768555
600 1050 -50.189877
600 1080 -48.719543
600 1110 -47.799793
600 1140 -47.912148
600 1170 -48.987408
600 1200 -50.5063
600 1230 -52.076836
600 1260 -53.542297
600 1290 -54.865715
600 1320 -56.052265
600 1350 -57.11846
600 1380 -56.90623
600 1410 -56.291412
600 1440 -55.76092
600 1470 -55.360806
600 1500 -55.135517
600 1530 -55.114445
600 1560 -55.30051
600 1590 -55.668945
600 1620 -56.177162
600 1650 -66.778534
600 1680 -67.432335
600 1710 -68.10782
600 1740 -68.78394
630 0 -75.47759
630 30 -75.11651
630 60 -74.74572
630 90 -74.365456
630 120 -73.97622
630 150 -73.57882
630 180 -73.1745
630 210 -72.765076
630 240 -72.35307
630 270 -71.94193
630 300 -71.53618
630 330 -71.14162
630 360 -70.76547
630 390 -70.416405
630 420 -70.10428
630 450 -69.83973
630 480 -69.63328
630 510 -69.49426
630 540 -69.42958
630 570 -69.4426
630 600 -69.53262
630 630 -69.69502
630 660 -69.92197
630 690 -70.20357
630 720 -70.52916
630 750 -70.92639
630 780 -70.21127
630 810 -69.43358
630 840 -68.58169
630 870 -67.640594
630 900 -56.590523
630 930 -55.40493
630 960 -54.047676
630 990 -52.469498
630 1020 -50.606853
630 1050 -48.401157
630 1080 -45.93262
630 1110 -43.97689
630 1140 -44.24305
630 1170 -46.428135
630 1200 -48.87039
630 1230 -51.005455
630 1260 -52.805683
630 1290 -54.33501
630 1320 -55.65446
630 1350 -56.81041
630 1380 -55.99132
630 1410 -55.2188
630 1440 -54.52728
630 1470 -53.987247
630 1500 -53.67508
630 1530 -53.645554
630 1560 -53.904312
630 1590 -54.404655
630 1620 -55.071995
630 1650 -65.83312
630 1680 -66.632095
630 1710 -67.432335
630 1740 -68.21257
660 0 -75.27815
660 30 -74.89934
660 60 -74.508644
660 90 -74.10603
660 120 -73.69165
660 150 -73.265976
660 180 -72.829895
660 210 -72.38487
660 240 -71.93315
660 270 -71.47801
660 300 -71.02403
660 330 -70.57747
660 360 -70.146484
660 390 -69.74137
660 420 -69.37448
660 450 -69.05972
660 480 -68.81148
660 510 -68.642944
660 540 -68.56412
660 570 -68.58
660 600 -68.68956
660 630 -68.88598
660 660 -69.15796
660 690 -69.4917
660 720 -69.87281
660 750 -70.85751
660 780 -70.129944
660 810 -69.33612
660 840 -68.46282
660 870 -67.49248
660 900 -56.400993
660 930 -55.154163
660 960 -53.701157
660 990 -51.96196
660 1020 -49.800972
660 1050 -46.965786
660 1080 -42.94945
660 1110 -37.411087
660 1140 -38.505604
660 1170 -43.88442
660 1200 -47.605824
660 1230 -50.27654
660 1260 -52.338066
660 1290 -54.01152
660 1320 -55.418083
660 1350 -56.630436
660 1380 -55.05061
660 1410 -54.06863
660 1440 -53.143646
660 1470 -52.38232
660 1500 -51.922985
660 1530 -51.87871
660 1560 -52.261787
660 1590 -52.974113
660 1620 -53.87631
660 1650 -64.85327
660 1680 -65.83312
660 1710 -66.778534
660 1740 -67.67327
690 0 -75.09039
690 30 -74.69405
690 60 -74.28353
690 90 -73.85842
690 120 -73.41846
690 150 -72.96365
690 180 -72.49437
690 210 -72.011536
690 240 -71.51688
690 270 -71.01318
690 300 -70.50481
690 330 -69.9981
690 360 -69.50197
690 390 -69.02839
690 420 -58.59266
690 450 -68.21303
690 480 -67.90944
690 510 -67.70105
690 540 -67.60291
690 570 -67.62271
690 600 -67.75888
690 630 -68.00095
690 660 -68.33212
690 690 -68.73262
690 720 -70.34886
690 750 -70.22692
690 780 -70.11439
690 810 -69.31744
690 840 -68.43997
690 870 -67.463875
690 900 -56.364185
690 930 -55.10505
690 960 -53.63237
690 990 -51.85889
690 1020 -49.630127
690 1050 -46.631428
690 1080 -42.05125
690 1110 -32.61212
690 1140 -35.31981
690 1170 -43.17531
690 1200 -47.31883
690 1230 -50.12373
690 1260 -52.243645
690 1290 -53.947514
690 1320 -55.37188
690 1350 -56.59553
690 1380 -54.122047
690 1410 -52.86912
690 1440 -51.603172
690 1470 -50.472263
690 1500 -49.73668
690 1530 -49.66319
690 1560 -50.283684
690 1590 -51.359394
690 1620 -52.613792
690 1650 -63.87631
690 1680 -65.07199
690 1710 -66.17716
690 1740 -67.19036
720 0 -74.91632
720 30 -74.502975
720 60 -74.073044
720 90 -73.625694
720 120 -73.16017
720 150 -72.67588
720 180 -72.172516
720 210 -71.65022
720 240 -71.10986
720 270 -70.55338
720 300 -69.98436
720 330 -69.408676
720 360 -68.835464
720 390 -58.278084
720 420 -57.755047
720 450 -57.290195
720 480 -66.911514
720 510 -66.64761
720 540 -66.522156
720 570 -66.54754
720 600 -66.72119
720 630 -67.02635
720 660 -67.43701
720 690 -69.805756
720 720 -69.59263
720 750 -69.4471
720 780 -69.37642
720 810 -69.37853
720 840 -68.514626
720 870 -67.557144
720 900 -56.483967
720 930 -55.264385
720 960 -53.854404
720 990 -52.188747
720 1020 -50.167942
720 1050 -47.645313
720 1080 -44.493835
720 1110 -41.439995
720 1140 -41.90631
720 1170 -45.169487
720 1200 -48.198288
720 1230 -50.606853
720 1260 -52.546486
720 1290 -54.154373
720 1320 -55.52188
720 1350 -56.70918
720 1380 -53.274666
720 1410 -51.696976
720 1440 -49.94996
720 1470 -48.175148
720 1500 -46.84143
720 1530 -46.697132
720 1560 -47.85009
720 1590 -49.58844
720 1620 -51.359394
720 1650 -62.974113
720 1680 -64.404655
720 1710 -65.668945
720 1740 -66.79291
750 0 -74.757965
750 30 -74.32849
750 60 -73.87999
750 90 -73.41116
750 120 -72.920685
750 150 -72.40726
750 180 -71.869705
750 210 -71.307144
750 240 -70.71923
750 270 -70.106514
750 300 -59.471092
750 330 -58.81749
750 360 -58.153984
750 390 -57.494377
750 420 -56.859997
750 450 -56.28138
750 480 -55.797974
750 510 -55.453827
750 540 -55.287903
750 570 -65.321594
750 600 -65.55042
750 630 -65.945816
750 660 -66.465775
750 690 -69.024765
750 720 -68.76839
750 750 -68.59181
750 780 -68.5056
750 810 -68.515274
750 840 -68.62018
750 870 -67.76475
750 900 -56.748024
750 930 -55.610714
750 960 -54.326576
750 990 -52.86518
750 1020 -51.200504
750 1050 -49.347294
750 1080 -47.485138
750 1110 -46.21485
750 1140 -46.375786
750 1170 -47.83757
750 1200 -49.728573
750 1230 -51.550167
750 1260 -53.173107
750 1290 -54.59658
750 1320 -55.849007
750 1350 -56.96027
750 1380 -52.613792
750 1410 -50.711605
750 1440 -48.37908
750 1470 -45.5253
750 1500 -42.628796
750 1530 -42.237274
750 1560 -44.906776
750 1590 -47.85009
750 1620 -50.283684
750 1650 -62.261787
750 1680 -63.904312
750 1710 -65.30051
750 1740 -66.51128
780 0 -74.61736
780 30 -74.17301
780 60 -73.70726
780 90 -73.21831
780 120 -72.70418
780 150 -72.162796
780 180 -71.59199
780 210 -70.989586
780 240 -70.35364
780 270 -69.68275
780 300 -58.976616
780 330 -58.23711
780 360 -57.469883
780 390 -56.68701
780 420 -55.910793
780 450 -55.178284
780 480 -54.54444
780 510 -54.07877
780 540 -53.849384
780 570 -63.89624
780 600 -64.2108
780 630 -64.740654
780 660 -68.56645
780 690 -68.17747
780 720 -67.863815
780 750 -67.64532
780 780 -67.53785
780 810 -67.54992
780 840 -67.68056
780 870 -67.91954
780 900 -57.13176
780 930 -56.10303
780 960 -54.97614
780 990 -53.74963
780 1020 -52.443527
780 1050 -51.130585
780 1080 -49.98833
780 1110 -49.320644
780 1140 -49.40011
780 1170 -50.189877
780 1200 -51.387165
780 1230 -52.708755
780 1260 -54.002434
780 1290 -55.209625
780 1320 -56.316402
780 1350 -57.32645
780 1380 -52.261787
780 1410 -50.15325
780 1440 -47.374977
780 1470 -43.319603
780 1500 -36.13395
780 1530 -34.025414
780 1560 -42.237274
780 1590 -46.697132
780 1620 -49.66319
780 1650 -61.87871
780 1680 -63.645554
780 1710 -65.11444
780 1740 -66.371216
810 0 -74.49648
810 30 -74.03891
810 60 -73.55771
810 90 -73.05058
810 120 -72.514915
810 150 -71.94778
810 180 -71.34589
810 210 -70.70564
810 240 -70.023186
810 270 -69.29455
810 300 -58.516125
810 330 -57.685493
810 360 -56.803097
810 390 -55.87548
810 420 -54.921032
810 450 -53.97933
810 480 -53.122906
810 510 -52.462585
810 540 -52.125687
810 570 -52.19519
810 600 -52.652855
810 630 -53.392784
810 660 -57.730957
810 690 -57.254784
810 720 -56.863453
810 750 -56.58651
810 780 -56.4489
810 810 -56.464405
810 840 -56.631428
810 870 -56.933487
810 900 -57.344185
810 930 -56.694523
810 960 -55.72844
810 990 -54.721684
810 1020 -53.71089
810 1050 -52.76959
810 1080 -52.01978
810 1110 -51.613693
810 1140 -51.660736
810 1170 -52.147118
810 1200 -52.947132
810 1230 -53.91051
810 1260 -54.924957
810 1290 -55.925617
810 1320 -56.8813
810 1350 -57.780018
810 1380 -52.302338
810 1410 -50.218956
810 1440 -47.498714
810 1470 -43.627743
810 1500 -37.54724
810 1530 -36.13395
810 1560 -42.628796
810 1590 -46.84143
810 1620 -49.73668
810 1650 -61.922985
810 1680 -63.67508
810 1710 -65.13551
810 1740 -66.38701
840 0 -84.39713
840 30 -83.928375
840 60 -83.43404
840 90 -72.91135
840 120 -72.35706
840 150 -71.76744
840 180 -71.13809
840 210 -70.46391
840 240 -69.738945
840 270 -58.956314
840 300 -58.108288
840 330 -57.186577
840 360 -56.183407
840 390 -55.094215
840 420 -53.924114
840 450 -52.702217
840 480 -51.50945
840 510 -50.51579
840 540 -49.97609
840 570 -50.089527
840 600 -50.810093
840 630 -51.89549
840 660 -56.83985
840 690 -56.24752
840 720 -55.74796
840 750 -55.38645
840 780 -55.20411
840 810 -55.224754
840 840 -55.44557
840 870 -55.83829
840 900 -56.35996
840 930 -50.462685
840 960 -49.962276
840 990 -50.120766
840 1020 -50.87412
840 1050 -51.974552
840 1080 -53.193607
840 1110 -54.400787
840 1140 -55.54022
840 1170 -56.594864
840 1200 -57.564632
840 1230 -58.45587
840 1260 -65.866806
840 1290 -61.68963
840 1320 -65.61281
840 1350 -64.27847
840 1380 -52.725063
840 1410 -50.88283
840 1440 -48.668076
840 1470 -46.066616
840 1500 -43.627743
840 1530 -43.319603
840 1560 -45.5253
840 1590 -48.175148
840 1620 -50.472263
840 1650 -62.38232
840 1680 -63.987247
840 1710 -65.36081
840 1740 -66.55698
870 0 -84.320885
870 30 -83.84335
870 60 -83.33865
870 90 -82.803604
870 120 -82.23445
870 150 -81.62671
870 180 -80.975
870 210 -80.27282
870 240 -69.51221
870 270 -68.68337
870 300 -57.77417
870 330 -56.76956
870 360 -55.651142
870 390 -54.397465
870 420 -52.987156
870 450 -51.41146
870 480 -49.715576
870 510 -48.1097
870 540 -47.122307
870 570 -47.338562
870 600 -48.609695
870 630 -50.286537
870 660 -55.897488
870 690 -55.14858
870 720 -54.49383
870 750 -54.004253
870 780 -53.751556
870 810 -53.780373
870 840 -54.08532
870 870 -54.613995
870 900 -54.60182
870 930 -48.01686
870 960 -47.09562
870 990 -47.397232
870 1020 -48.71545
870 1050 -50.40059
870 1080 -52.060745
870 1110 -53.57119
870 1140 -54.91661
870 1170 -65.1889
870 1200 -65.60443
870 1230 -66.15321
870 1260 -66.78652
870 1290 -62.463875
870 1320 -63.15585
870 1350 -64.785446
870 1380 -53.43307
870 1410 -51.922985
870 1440 -50.283684
870 1470 -48.668076
870 1500 -47.498714
870 1530 -47.374977
870 1560 -48.37908
870 1590 -49.94996
870 1620 -51.603172
870 1650 -63.143646
870 1680 -64.52728
870 1710 -65.760925
870 1740 -66.864075
900 0 -74.26902
900 30 -83.785416
900 60 -83.27351
900 90 -82.72986
900 120 -82.15028
900 150 -81.52975
900 180 -80.86214
900 210 -80.13985
900 240 -79.35332
900 270 -78.49031
900 300 -67.53489
900 330 -66.465775
900 360 -55.253944
900 390 -53.858795
900 420 -52.222683
900 450 -50.265083
900 480 -47.892387
900 510 -45.132248
900 540 -42.887188
900 570 -43.438595
900 600 -46.07415
900 630 -48.73385
900 660 -54.919067
900 690 -53.958553
900 720 -53.075123
900 750 -52.380558
900 780 -52.008278
900 810 -52.051254
900 840 -52.497883
900 870 -53.240833
900 900 -52.71809
900 930 -44.94599
900 960 -42.816055
900 990 -43.581223
900 1020 -46.26196
900 1050 -48.89601
900 1080 -51.09283
900 1110 -66.21376
900 1140 -66.23013
900 1170 -66.40622
900 1200 -66.723785
900 1230 -67.153824
900 1260 -67.66415
900 1290 -67.46934
900 1320 -63.813084
900 1350 -64.410065
900 1380 -54.304005
900 1410 -53.110264
900 1440 -51.922985
900 1470 -50.88283
900 1500 -50.218956
900 1530 -50.15325
900 1560 -50.711605
900 1590 -51.696976
900 1620 -52.86912
900 1650 -64.068634
900 1680 -65.218796
900 1710 -66.29141
900 1740 -67.28108
930 0 -84.24242
930 30 -83.75567
930 60 -83.240036
930 90 -82.691895
930 120 -82.10687
930 150 -81.47963
930 180 -70.803635
930 210 -70.07068
930 240 -69.27028
930 270 -68.38881
930 300 -57.408043
930 330 -56.302853
930 360 -55.03725
930 390 -53.557102
930 420 -51.77565
930 450 -49.54127
930 480 -46.55462
930 510 -42.11727
930 540 -34.94599
930 570 -37.60053
930 600 -43.834282
930 630 -47.663624
930 660 -53.940136
930 690 -52.698944
930 720 -51.47269
930 750 -50.4283
930 780 -49.829597
930 810 -49.90034
930 840 -50.61083
930 870 -51.710358
930 900 -51.31569
930 930 -41.73598
930 960 -34.48299
930 990 -38.123806
930 1020 -44.14441
930 1050 -57.870045
930 1080 -60.50359
930 1110 -62.532047
930 1140 -64.179474
930 1170 -75.565674
930 1200 -76.761856
930 1230 -74.51698
930 1260 -73.492035
930 1290 -67.945786
930 1320 -67.084305
930 1350 -61.177162
930 1380 -55.239372
930 1410 -54.304005
930 1440 -53.43307
930 1470 -52.725063
930 1500 -52.302338
930 1530 -52.261787
930 1560 -52.613792
930 1590 -53.274666
930 1620 -54.122047
930 1650 -65.05061
930 1680 -65.99132
930 1710 -66.906235
930 1740 -67.77748
960 0 -84.241554
960 30 -83.7547
960 60 -83.23895
960 90 -82.69067
960 120 -82.10546
960 150 -81.47801
960 180 -70.80174
960 210 -70.06842
960 240 -69.26758
960 270 -68.3855
960 300 -57.40389
960 330 -56.297497
960 360 -55.03008
960 390 -53.547012
960 420 -51.760437
960 450 -49.51579
960 480 -46.503784
960 510 -41.974556
960 540 -34.14441
960 570 -37.183952
960 600 -43.73869
960 630 -47.6243
960 660 -53.029846
960 690 -51.439995
960 720 -49.70906
960 750 -48.028877
960 780 -46.928856
960 810 -47.06577
960 840 -48.341286
960 870 -50.06107
960 900 -51.7716
960 930 -41.57993
960 960 -33.581226
960 990 -37.75658
960 1020 -44.05547
960 1050 -57.83255
960 1080 -60.483185
960 1110 -62.519268
960 1140 -64.17074
960 1170 -75.559326
960 1200 -75.54909
960 1230 -77.8099
960 1260 -74.26901
960 1290 -63.473667
960 1320 -62.719894
960 1350 -61.947975
960 1380 -56.177162
960 1410 -55.43991
960 1440 -54.785442
960 1470 -54.278473
960 1500 -53.987247
960 1530 -53.959778
960 1560 -54.200966
960 1590 -54.669994
960 1620 -55.30051
960 1650 -66.02571
960 1680 -66.79291
960 1710 -67.5665
960 1740 -68.32495
990 0 -84.26645
990 30 -83.78254
990 60 -83.270294
990 90 -82.7262
990 120 -82.146095
990 150 -81.524925
990 180 -70.85651
990 210 -70.133194
990 240 -69.34535
990 270 -73.48059
990 300 -62.522778
990 330 -56.450275
990 360 -55.23344
990 390 -53.830498
990 420 -52.181377
990 450 -50.200077
990 480 -47.77951
990 510 -44.916615
990 540 -42.519268
990 570 -43.11622
990 600 -45.901405
990 630 -48.641068
990 660 -52.300545
990 690 -50.344643
990 720 -47.95629
990 750 -45.113506
990 780 -42.61212
990 810 -42.972576
990 840 -45.705147
990 870 -48.473232
990 900 -50.76688
990 930 -44.720657
990 960 -42.44179
990 990 -43.269646
990 1020 -46.096672
990 1050 -58.806667
990 1080 -61.039177
990 1110 -62.875412
990 1140 -64.41735
990 1170 -75.73984
990 1200 -76.894714
990 1230 -77.918304
990 1260 -74.67503
990 1290 -64.03087
990 1320 -63.375095
990 1350 -67.719894
990 1380 -57.0843
990 1410 -56.495937
990 1440 -55.99132
990 1470 -55.61281
990 1500 -55.40054
990 1530 -55.38072
990 1560 -55.55594
990 1590 -55.90415
990 1620 -56.38701
990 1650 -66.96181
990 1680 -67.590454
990 1710 -68.243515
990 1740 -68.90033
1020 0 -84.31666
1020 30 -83.83863
1020 60 -88.33334
1020 90 -87.79761
1020 120 -87.227615
1020 150 -86.618835
1020 180 -65.96586
1020 210 -65.26207
1020 240 -64.499405
1020 270 -63.667866
1020 300 -62.755047
1020 330 -56.745445
1020 360 -55.619915
1020 390 -54.355743
1020 420 -52.929314
1020 450 -51.32808
1020 480 -49.59179
1020 510 -47.929367
1020 540 -46.89472
1020 570 -47.122307
1020 600 -48.44934
1020 630 -50.178192
1020 660 -51.89155
1020 690 -49.684547
1020 720 -46.739315
1020 750 -42.35405
1020 780 -34.74628
1020 810 -36.591522
1020 840 -43.41089
1020 870 -47.411087
1020 900 -50.172337
1020 930 -47.83255
1020 960 -46.86659
1020 990 -47.183952
1020 1020 -48.559025
1020 1050 -60.29509
1020 1080 -61.989037
1020 1110 -63.52067
1020 1140 -64.87961
1020 1170 -76.08542
1020 1200 -76.6498
1020 1230 -75.73251
1020 1260 -75.17043
1020 1290 -64.60049
1020 1320 -69.03087
1020 1350 -68.47366
1020 1380 -57.945786
1020 1410 -57.469337
1020 1440 -57.070858
1020 1470 -56.77853
1020 1500 -56.617172
1020 1530 -56.6022
1020 1560 -56.73511
1020 1590 -57.00302
1020 1620 -57.3825
1020 1650 -67.84558
1020 1680 -68.36511
1020 1710 -68.91797
1020 1740 -69.48621
1050 0 -79.39132
1050 30 -78.92189
1050 60 -78.42677
1050 90 -77.90315
1050 120 -77.347755
1050 150 -86.756775
1050 180 -76.12576
1050 210 -75.44951
1050 240 -74.72192
1050 270 -63.935917
1050 300 -58.083477
1050 330 -57.15588
1050 360 -56.1447
1050 390 -55.044415
1050 420 -58.858795
1050 450 -68.015465
1050 480 -66.79491
1050 510 -65.77131
1050 540 -49.812126
1050 570 -49.92987
1050 600 -50.67523
1050 630 -51.790813
1050 660 -51.90631
1050 690 -49.70906
1050 720 -46.78748
1050 750 -42.485004
1050 780 -35.45209
1050 810 -37.06577
1050 840 -43.51389
1050 870 -47.45238
1050 900 -50.194252
1050 930 -50.316395
1050 960 -49.79778
1050 990 -49.962276
1050 1020 -50.741257
1050 1050 -61.871784
1050 1080 -63.11622
1050 1110 -64.3423
1050 1140 -65.4953
1050 1170 -76.55967
1050 1200 -76.25564
1050 1230 -75.703186
1050 1260 -75.13704
1050 1290 -60.170433
1050 1320 -68.98741
1050 1350 -68.424225
1050 1380 -57.889908
1050 1410 -57.406937
1050 1440 -57.00241
1050 1470 -56.705276
1050 1500 -56.541122
1050 1530 -56.525887
1050 1560 -56.661118
1050 1590 -56.933487
1050 1620 -57.31883
1050 1650 -67.78839
1050 1680 -68.31441
1050 1710 -68.87335
1050 1740 -69.4471
1080 0 -79.489174
1080 30 -89.03078
1080 60 -88.54863
1080 90 -88.040375
1080 120 -87.50337
1080 150 -86.934616
1080 180 -76.330765
1080 210 -60.688126
1080 240 -60.00267
1080 270 -59.27028
1080 300 -58.487076
1080 330 -57.65029
1080 360 -56.75993
1080 390 -60.82197
1080 450 -69.29624
1080 480 -68.42149
1080 510 -67.74429
1080 540 -51.997707
1080 570 -52.06927
1080 600 -52.539696
1080 630 -53.29755
1080 660 -52.340736
1080 690 -50.40753
1080 720 -48.06472
1080 750 -45.31981
1080 780 -42.972576
1080 810 -43.30539
1080 840 -45.88571
1080 870 -48.56963
1080 900 -50.823982
1080 930 -52.30951
1080 960 -51.989037
1080 990 -52.0891
1080 1020 -52.582794
1080 1050 -67.79979
1080 1080 -68.728745
1080 1110 -69.56997
1080 1140 -70.3383
1080 1170 -71.045166
1080 1200 -71.699554
1080 1230 -65.27225
1080 1260 -61.178135
1080 1290 -63.993176
1080 1320 -68.33122
1080 1350 -67.66884
1080 1380 -57.025146
1080 1410 -56.428135
1080 1440 -55.91509
1080 1470 -55.529568
1080 1500 -55.313087
1080 1530 -55.292862
1080 1560 -55.47159
1080 1590 -55.826355
1080 1620 -56.317467
1080 1650 -66.90094
1080 1680 -67.53785
1080 1710 -68.19829
1080 1740 -68.86148
1110 0 -89.60867
1110 30 -89.16338
1110 60 -88.69653
1110 90 -88.2063
1110 120 -77.69067
1110 150 -82.14749
1110 180 -71.574524
1110 210 -70.96951
1110 240 -70.3304
1110 270 -69.65561
1110 300 -63.94467
1110 330 -58.199207
1110 360 -62.42462
1110 450 -70.50128
1110 480 -69.85522
1110 510 -69.379326
1110 540 -53.744484
1110 570 -53.79248
1110 600 -54.114372
1110 630 -54.65541
1110 660 -53.08637
1110 690 -51.521275
1110 720 -49.829597
1110 750 -48.205204
1110 780 -47.15471
1110 810 -47.284786
1110 840 -48.505604
1110 870 -50.172337
1110 900 -51.846954
1110 930 -53.95549
1110 960 -53.73869
1110 990 -53.805824
1110 1020 -54.14441
1110 1050 -54.697468
1110 1080 -68.647064
1110 1110 -69.72127
1110 1140 -70.46542
1110 1170 -71.15343
1110 1200 -70.526596
1110 1230 -62.081272
1110 1260 -64.168304
1110 1290 -63.437347
1110 1320 -62.676655
1110 1350 -66.89627
1110 1380 -56.11535
1110 1410 -55.366566
1110 1440 -54.70005
1110 1470 -54.18239
1110 1500 -53.88442
1110 1530 -53.85629
1110 1560 -54.10313
1110 1590 -54.58228
1110 1620 -55.224754
1110 1650 -65.961685
1110 1680 -66.73931
1110 1710 -67.5217
1110 1740 -68.28737
1140 0 -89.74802
1140 30 -79.317505
1140 60 -83.86781
1140 90 -83.3976
1140 120 -82.905495
1140 150 -82.39015
1140 180 -71.85034
1140 210 -71.285095
1140 240 -70.69397
1140 270 -65.07742
1140 300 -69.43739
1140 450 -71.61084
1140 480 -71.11906
1140 510 -70.76834
1140 540 -55.199047
1140 570 -55.23344
1140 600 -55.46683
1140 630 -55.869568
1140 660 -54.004253
1140 690 -52.78406
1140 720 -51.585224
1140 750 -50.570923
1140 780 -49.992912
1140 810 -50.06107
1140 840 -50.747677
1140 870 -51.816967
1140 900 -53.029846
1140 930 -55.351036
1140 960 -55.194904
1140 990 -55.24302
1140 1020 -55.48885
1140 1050 -55.901405
1140 1080 -69.17108
1140 1110 -69.93761
1140 1140 -70.6484
1140 1170 -70.88034
1140 1200 -62.89948
1140 1230 -69.49358
1140 1260 -68.728745
1140 1290 -71.81416
1140 1320 -62.043247
1140 1350 -61.12652
1140 1380 -55.176434
1140 1410 -54.225803
1140 1440 -53.33731
1140 1470 -52.61212
1140 1500 -52.177685
1140 1530 -52.13595
1140 1560 -52.497883
1140 1590 -53.17531
1140 1620 -54.04047
1140 1650 -64.984856
1140 1680 -65.938446
1140 1710 -66.86345
1140 1740 -67.74251
1170 0 -84.90525
1170 30 -84.4908
1170 60 -84.0596
1170 90 -83.610794
1170 120 -83.14357
1170 150 -82.65732
1170 180 -72.15167
1170 210 -66.62671
1170 240 -66.08322
1170 270 -70.52309
1170 450 -72.625725
1170 480 -72.24111
1170 510 -71.97278
1170 540 -56.4451
1170 570 -56.470936
1170 600 -56.647617
1170 630 -56.957813
1170 660 -54.984856
1170 690 -54.04047
1170 720 -53.17531
1170 750 -52.497883
1170 780 -52.13595
1170 810 -52.177685
1170 840 -52.61212
1170 870 -53.33731
1170 900 -54.225803
1170 930 -56.55967
1170 960 -56.441986
1170 990 -56.47814
1170 1020 -56.664406
1170 1050 -56.982613
1170 1080 -57.405552
1170 1110 -70.20953
1170 1140 -70.88034
1170 1170 -70.6484
1170 1200 -69.93761
1170 1230 -69.17108
1170 1260 -68.341286
1170 1290 -67.44003
1170 1320 -71.45924
1170 1350 -60.393063
1170 1380 -54.24305
1170 1410 -53.029846
1170 1440 -51.816967
1170 1470 -50.747677
1170 1500 -50.06107
1170 1530 -49.992912
1170 1560 -50.570923
1170 1590 -51.585224
1170 1620 -52.78406
1170 1650 -64.00426
1170 1680 -65.16949
1170 1710 -66.252945
1170 1740 -67.25048
1200 0 -85.07834
1200 30 -84.68085
1200 60 -84.26902
1200 90 -83.84241
1200 120 -83.400734
1200 150 -82.94396
1200 180 -67.47243
1200 210 -66.987015
1200 240 -81.48938
1200 450 -73.553986
1200 480 -73.246086
1200 510 -73.03455
1200 540 -57.53489
1200 570 -57.555008
1200 600 -57.693275
1200 630 -57.93893
1200 660 -55.961685
1200 690 -55.224754
1200 720 -54.58228
1200 750 -54.10313
1200 780 -53.85629
1200 810 -53.88442
1200 840 -54.18239
1200 870 -54.70005
1200 900 -55.366566
1200 930 -57.6243
1200 960 -57.53247
1200 990 -57.560623
1200 1020 -57.706474
1200 1050 -57.95873
1200 1080 -58.29978
1200 1110 -70.526596
1200 1140 -71.15343
1200 1170 -70.46542
1200 1200 -69.72127
1200 1230 -68.911705
1200 1260 -68.025276
1200 1290 -67.04776
1200 1320 -65.961685
1200 1350 -64.74628
1200 1380 -53.37951
1200 1410 -51.846954
1200 1440 -50.172337
1200 1470 -48.505604
1200 1500 -47.284786
1200 1530 -47.15471
1200 1560 -48.205204
1200 1590 -49.829597
1200 1620 -51.521275
1200 1650 -63.08637
1200 1680 -64.4857
1200 1710 -65.72966
1200 1740 -66.83985
1230 0 -85.26524
1230 30 -84.885254
1230 60 -84.49324
1230 90 -84.08913
1230 120 -78.67305
1230 150 -78.24545
1230 180 -72.807205
1230 210 -82.35972
1230 450 -74.40546
1230 480 -74.15399
1230 510 -73.98317
1230 540 -58.50324
1230 570 -58.519344
1230 600 -58.630424
1230 630 -58.82948
1230 660 -56.900944
1230 690 -56.317467
1230 720 -55.826355
1230 750 -55.47159
1230 780 -55.292862
1230 810 -55.313087
1230 840 -55.529568
1230 870 -55.91509
1230 900 -56.428135
1230 930 -58.57492
1230 960 -58.5013
1230 990 -58.523838
1230 1020 -58.641068
1230 1050 -58.84561
1230 1080 -59.12565
1230 1110 -59.466957
1230 1140 -71.045166
1230 1170 -70.3383
1230 1200 -69.56997
1230 1230 -68.728745
1230 1260 -67.79979
1230 1290 -66.76346
1230 1320 -65.593094
1230 1350 -64.25165
1230 1380 -52.686646
1230 1410 -50.823982
1230 1440 -48.56963
1230 1470 -45.88571
1230 1500 -43.30539
1230 1530 -42.972576
1230 1560 -45.31981
1230 1590 -48.06472
1230 1620 -50.40753
1230 1650 -62.340736
1230 1680 -63.958553
1230 1710 -65.339905
1230 1740 -66.54112
1260 0 -85.463974
1260 30 -85.10171
1260 60 -79.72959
1260 90 -79.347855
1260 120 -78.956955
1260 150 -83.55771
1260 180 -83.15132
1260 450 -75.18963
1260 480 -74.98073
1260 510 -74.84
1260 540 -59.374485
1260 570 -59.38767
1260 600 -59.47883
1260 630 -59.64322
1260 660 -57.788395
1260 690 -57.31883
1260 720 -56.933487
1260 750 -56.661118
1260 780 -56.525887
1260 810 -56.541122
1260 840 -56.705276
1260 870 -57.00241
1260 900 -57.406937
1260 930 -59.433228
1260 960 -59.372902
1260 990 -59.39135
1260 1020 -59.487587
1260 1050 -59.656597
1260 1080 -59.890194
1260 1110 -60.178192
1260 1140 -70.989105
1260 1170 -70.27225
1260 1200 -69.49101
1260 1230 -68.63272
1260 1260 -67.68056
1260 1290 -66.61153
1260 1320 -65.39307
1260 1350 -63.97689
1260 1380 -52.287064
1260 1410 -50.194252
1260 1440 -47.45238
1260 1470 -43.51389
1260 1500 -37.06577
1260 1530 -35.45209
1260 1560 -42.485004
1260 1590 -46.78748
1260 1620 -49.70906
1260 1650 -61.90631
1260 1680 -63.663948
1260 1710 -65.12757
1260 1740 -66.38105
1290 0 -85.67262
1290 30 -80.32804
1290 60 -79.97561
1290 90 -79.61579
1290 120 -84.2493
1290 480 -72.32006
1290 510 -77.18534
1290 540 -60.16633
1290 570 -60.177315
1290 600 -60.253452
1290 630 -60.391407
1290 660 -68.62018
1290 690 -68.2362
1290 720 -67.92691
1290 750 -67.71164
1290 780 -67.60582
1290 810 -67.61771
1290 840 -67.74635
1290 870 -67.981834
1290 900 -68.30766
1290 930 -60.215332
1290 960 -60.16501
1290 990 -60.180386
1290 1020 -60.26078
1290 1050 -60.402676
1290 1080 -60.600224
1290 1110 -60.84599
1290 1140 -61.13176
1290 1170 -70.270096
1290 1200 -69.48844
1290 1230 -68.62959
1290 1260 -67.67665
1290 1290 -66.60653
1290 1320 -65.38645
1290 1350 -63.96773
1290 1380 -52.27354
1290 1410 -50.172337
1290 1440 -47.411087
1290 1470 -43.41089
1290 1500 -36.591522
1290 1530 -34.74628
1290 1560 -42.35405
1290 1590 -46.739315
1290 1620 -49.684547
1290 1650 -61.89155
1290 1680 -63.654102
1290 1710 -65.120544
1290 1740 -66.375786
1320 0 -80.889404
1320 30 -80.56225
1320 60 -85.22905
1320 90 -84.89045
1320 390 -87.40761
1320 480 -86.73117
1320 510 -70.938324
1320 540 -60.892025
1320 570 -60.901325
1320 600 -60.96586
1320 630 -61.08322
1320 660 -61.504387
1320 690 -61.633408
1320 720 -68.82568
1320 750 -68.651474
1320 780 -68.56645
1320 810 -68.57598
1320 840 -68.67945
1320 870 -68.87039
1320 900 -63.66973
1320 930 -60.933525
1320 960 -60.890907
1320 990 -60.903923
1320 1020 -60.972076
1320 1050 -61.09283
1320 1080 -61.26191
1320 1110 -61.473774
1320 1140 -61.72216
1320 1170 -70.331955
1320 1200 -69.56239
1320 1230 -68.71954
1320 1260 -67.78839
1320 1290 -66.74899
1320 1320 -65.574135
1320 1350 -64.2258
1320 1380 -52.649544
1320 1410 -50.76688
1320 1440 -48.473232
1320 1470 -45.705147
1320 1500 -42.972576
1320 1530 -42.61212
1320 1560 -45.113506
1320 1590 -47.95629
1320 1620 -50.344643
1320 1650 -62.300545
1320 1680 -63.9309
1320 1710 -65.31981
1320 1740 -66.52589
1350 0 -81.1127
1350 30 -85.80254
1350 450 -82.79248
1350 480 -82.380554
1350 510 -70.92406
1350 540 -60.794636
1350 570 -60.719746
1350 600 -60.70228
1350 630 -60.742928
1350 660 -60.840088
1350 690 -60.99007
1350 720 -69.645035
1350 750 -69.50128
1350 780 -69.43149
1350 810 -69.4393
1350 840 -69.5243
1350 870 -69.68209
1350 900 -61.680447
1350 930 -61.59737
1350 960 -61.56082
1350 990 -61.571976
1350 1020 -61.630478
1350 1050 -61.734447
1350 1080 -61.88069
1350 1110 -62.06501
1350 1140 -62.282562
1350 1170 -62.528217
1350 1200 -69.70906
1350 1230 -68.896996
1350 1260 -68.00723
1350 1290 -67.02515
1350 1320 -65.93262
1350 1350 -64.707794
1350 1380 -53.326694
1350 1410 -51.7716
1350 1440 -50.06107
1350 1470 -48.341286
1350 1500 -47.06577
1350 1530 -46.928856
1350 1560 -48.028877
1350 1590 -49.70906
1350 1620 -51.439995
1350 1650 -63.029846
1350 1680 -64.444824
1350 1710 -65.699
1350 1740 -66.816124
1380 0 -86.341034
1380 420 -85.99007
1380 450 -80.6906
1380 480 -80.43147
1380 510 -60.221565
1380 540 -60.069027
1380 570 -59.980377
1380 600 -59.95966
1380 630 -60.007847
1380 660 -60.122692
1380 690 -70.574936
1380 720 -70.39711
1380 750 -70.276535
1380 780 -70.21823
1380 810 -70.22475
1380 840 -70.2958
1380 870 -70.4283
1380 900 -61.689953
1380 930 -61.53537
1380 960 -61.530293
1380 990 -61.675232
1380 1020 -62.243187
1380 1050 -62.33362
1380 1080 -62.46129
1380 1110 -62.622967
1380 1140 -62.81486
1380 1170 -63.03288
1380 1200 -69.92134
1380 1230 -69.151665
1380 1260 -68.31778
1380 1290 -67.41109
1380 1320 -66.42293
1380 1350 -65.34659
1380 1380 -54.18239
1380 1410 -52.949455
1380 1440 -51.710358
1380 1470 -50.61083
1380 1500 -49.90034
1380 1530 -49.829597
1380 1560 -50.4283
1380 1590 -51.47269
1380 1620 -52.698944
1380 1650 -63.940136
1380 1680 -65.120544
1380 1710 -66.21485
1380 1740 -67.22023
1410 180 -83.664474
1410 210 -83.25332
1410 240 -82.83498
1410 270 -82.411545
1410 300 -81.98595
1410 420 -85.30775
1410 450 -80.01469
1410 480 -79.710365
1410 510 -72.87344
1410 540 -59.279102
1410 570 -59.17255
1410 600 -59.147587
1410 630 -59.205616
1410 660 -59.343395
1410 690 -71.24364
1410 720 -71.091644
1410 750 -70.989105
1410 780 -70.93967
1410 810 -70.94519
1410 840 -71.005455
1410 870 -71.11823
1410 900 -60.50947
1410 930 -60.305458
1410 960 -60.298714
1410 990 -60.49014
1410 1020 -62.816055
1410 1050 -62.895412
1410 1080 -63.00779
1410 1110 -63.15066
1410 1140 -63.321022
1410 1170 -63.515587
1410 1200 -63.73095
1410 1230 -69.4704
1410 1260 -68.70108
1410 1290 -67.878746
1410 1320 -67.00241
1410 1350 -56.07603
1410 1380 -55.113506
1410 1410 -54.14734
1410 1440 -53.240833
1410 1470 -52.497883
1410 1500 -52.051254
1410 1530 -52.008278
1410 1560 -52.380558
1410 1590 -53.075123
1410 1620 -53.958553
1410 1650 -64.91907
1410 1680 -65.88571
1410 1710 -66.82088
1410 1740 -67.70776
1440 90 -89.619156
1440 180 -83.3685
1440 210 -82.926834
1440 240 -82.47407
1440 270 -82.01192
1440 300 -81.543015
1440 330 -81.07121
1440 360 -85.79191
1440 390 -85.56852
1440 420 -79.70303
1440 450 -79.295265
1440 480 -73.617485
1440 510 -63.33441
1440 540 -58.412815
1440 570 -58.282387
1440 600 -58.251724
1440 630 -58.322937
1440 660 -58.491177
1440 690 -71.86782
1440 720 -71.736496
1440 750 -71.64824
1440 780 -71.605804
1440 810 -71.610535
1440 840 -71.66229
1440 870 -71.759415
1440 900 -63.38755
1440 930 -58.873814
1440 960 -58.864433
1440 990 -59.128532
1440 1020 -63.353886
1440 1050 -63.424072
1440 1080 -63.52372
1440 1110 -63.650818
1440 1140 -63.802967
1440 1170 -63.9775
1440 1200 -64.171616
1440 1230 -69.839096
1440 1260 -69.13775
1440 1290 -68.40115
1440 1320 -57.633503
1440 1350 -61.84458
1440 1380 -56.0534
1440 1410 -55.292862
1440 1440 -54.613995
1440 1470 -54.08532
1440 1500 -53.780373
1440 1530 -53.751556
1440 1560 -54.004253
1440 1590 -54.49383
1440 1620 -55.14858
1440 1650 -65.89749
1440 1680 -66.68571
1440 1710 -67.476974
1440 1740 -68.2499
1470 0 -80.59469
1470 30 -80.21343
1470 60 -89.81813
1470 90 -89.40814
1470 120 -88.982864
1470 150 -88.541824
1470 180 -83.084724
1470 210 -81.85815
1470 240 -81.66105
1470 270 -81.45948
1470 300 -81.10324
1470 330 -80.578
1470 360 -80.04873
1470 390 -89.52311
1470 420 -89.01196
1470 450 -74.30373
1470 480 -74.01696
1470 510 -63.84335
1470 540 -57.454575
1470 570 -57.291332
1470 600 -57.252777
1470 630 -57.34222
1470 660 -67.55206
1470 690 -67.865814
1470 720 -68.26197
1470 750 -63.718113
1470 780 -74.213844
1470 810 -65.112564
1470 840 -64.16373
1470 870 -63.282547
1470 900 -67.57269
1470 930 -57.161964
1470 960 -57.14805
1470 990 -63.825764
1470 1020 -63.860676
1470 1050 -63.923187
1470 1080 -64.01212
1470 1110 -64.125885
1470 1140 -64.26251
1470 1170 -64.41983
1470 1200 -64.59552
1470 1230 -64.78722
1470 1260 -59.61017
1470 1290 -63.95554
1470 1320 -63.287365
1470 1350 -67.61771
1470 1380 -56.96579
1470 1410 -56.35996
1470 1440 -55.83829
1470 1470 -55.44557
1470 1500 -55.224754
1470 1530 -55.20411
1470 1560 -55.38645
1470 1590 -55.74796
1470 1620 -56.24752
1470 1650 -66.83985
1470 1680 -67.48514
1470 1710 -68.15305
1470 1740 -68.82269
1500 0 -80.44657
1500 30 -80.05147
1500 60 -79.64041
1500 90 -79.21242
1500 120 -88.7665
1500 150 -88.30168
1500 180 -77.81709
1500 210 -77.31201
1500 240 -81.78607
1500 270 -81.239395
1500 300 -80.67301
1500 330 -80.08923
1500 360 -79.492386
1500 390 -78.889725
1500 420 -84.94038
1500 450 -74.67052
1500 480 -74.4077
1500 510 -64.324265
1500 540 -56.383854
1500 570 -56.173855
1500 600 -56.123913
1500 630 -56.23956
1500 660 -66.50821
1500 690 -66.903435
1500 720 -62.392513
1500 750 -72.94359
1500 780 -73.52983
1500 810 -64.16373
1500 840 -62.947906
1500 870 -61.739044
1500 900 -65.68695
1500 930 -55.035446
1500 960 -55.012714
1500 990 -64.308525
1500 1020 -61.661774
1500 1050 -62.86597
1500 1080 -64.08413
1500 1110 -64.578026
1500 1140 -64.70134
1500 1170 -64.84379
1500 1200 -65.00343
1500 1230 -60.673923
1500 1260 -65.10368
1500 1290 -64.5243
1500 1320 -63.943893
1500 1350 -68.37465
1500 1380 -57.833805
1500 1410 -57.344185
1500 1440 -56.933487
1500 1470 -56.631428
1500 1500 -56.464405
1500 1530 -56.4489
1500 1560 -56.58651
1500 1590 -56.863453
1500 1620 -57.254784
1500 1650 -67.73096
1500 1680 -68.263565
1500 1710 -68.828674
1500 1740 -69.407974
1530 0 -80.313446
1530 30 -79.90545
1530 60 -79.47962
1530 90 -79.03464
1530 120 -78.569046
1530 150 -78.081345
1530 180 -67.56999
1530 210 -67.03345
1530 240 -66.47031
1530 270 -65.87947
1530 300 -70.2605
1530 330 -69.614
1530 360 -68.942535
1530 390 -68.251724
1530 420 -67.55206
1530 450 -66.86125
1530 480 -66.20683
1530 510 -65.62785
1530 540 -65.17319
1530 570 -54.89346
1530 600 -54.826267
1530 630 -54.98147
1530 660 -65.33679
1530 690 -65.84742
1530 720 -71.46199
1530 750 -72.135
1530 780 -72.83205
1530 810 -63.282547
1530 840 -61.739044
1530 870 -60.058064
1530 900 -58.403362
1530 930 -47.236103
1530 960 -47.192688
1530 990 -48.30316
1530 1020 -49.943787
1530 1050 -51.630478
1530 1080 -63.184834
1530 1110 -64.57324
1530 1140 -65.80759
1530 1170 -62.117737
1530 1200 -61.623142
1530 1230 -65.55615
1530 1260 -65.60686
1530 1290 -75.09475
1530 1320 -79.59012
1530 1350 -79.10416
1530 1380 -58.651474
1530 1410 -58.2499
1530 1440 -57.919537
1530 1470 -57.680553
1530 1500 -57.54992
1530 1530 -57.53785
1530 1560 -57.645317
1530 1590 -57.86382
1530 1620 -58.177467
1530 1650 -58.566452
1530 1680 -79.01044
1530 1710 -69.49101
1530 1740 -69.99291
1560 0 -80.196884
1560 30 -79.77724
1560 60 -79.33798
1560 90 -78.87743
1560 120 -78.39369
1560 150 -77.884674
1560 180 -67.348114
1560 210 -66.781525
1560 240 -66.18231
1560 270 -65.54788
1560 300 -64.87579
1560 330 -69.164246
1560 360 -68.41281
1560 390 -67.62377
1560 420 -66.80437
1560 450 -65.97056
1560 480 -65.1523
1560 510 -64.39968
1560 540 -63.785473
1560 570 -53.395576
1560 600 -53.300404
1560 630 -53.519314
1560 660 -64.009094
1560 690 -59.688675
1560 720 -70.47505
1560 750 -71.30428
1560 780 -74.15496
1560 810 -62.572693
1560 840 -60.686954
1560 870 -58.403362
1560 900 -55.696945
1560 930 -43.182636
1560 960 -43.07137
1560 990 -45.508183
1560 1020 -48.23505
1560 1050 -50.548145
1560 1080 -62.457397
1560 1110 -64.05727
1560 1140 -65.42508
1560 1170 -70.641174
1560 1200 -75.77445
1560 1230 -75.92133
1560 1260 -76.08035
1560 1290 -71.25005
1560 1320 -80.21823
1560 1350 -79.80097
1560 1380 -69.41844
1560 1410 -69.08445
1560 1440 -68.81368
1560 1470 -68.62018
1560 1500 -68.515274
1560 1530 -68.5056
1560 1560 -68.59181
1560 1590 -68.76839
1560 1620 -59.024765
1560 1650 -59.347294
1560 1680 -79.70589
1560 1710 -87.402
1560 1740 -70.568924
1590 0 -80.098366
1590 30 -79.66859
1590 60 -79.21761
1590 90 -78.74339
1590 120 -78.243576
1590 150 -77.71553
1590 180 -67.15622
1590 210 -66.5622
1590 240 -65.929596
1590 270 -65.25403
1590 300 -64.530754
1590 330 -63.754807
1590 360 -62.921505
1590 390 -67.027565
1590 420 -66.073395
1590 450 -65.067726
1590 480 -64.036255
1590 510 -63.035908
1590 540 -62.171223
1590 570 -51.593678
1590 600 -51.44874
1590 630 -51.779697
1590 660 -62.49188
1590 690 -68.42684
1590 720 -69.4492
1590 750 -75.30546
1590 780 -73.87381
1590 810 -62.161964
1590 840 -60.035446
1590 870 -57.236103
1590 900 -53.182636
1590 930 -36.52419
1590 960 -35.982876
1590 990 -42.839897
1590 1020 -47.014553
1590 1050 -49.873753
1590 1080 -77.035065
1590 1110 -75.815384
1590 1140 -75.90845
1590 1170 -71.016754
1590 1200 -71.139145
1590 1230 -76.274376
1590 1260 -86.42119
1590 1290 -76.57831
1590 1320 -77.12467
1590 1350 -70.46336
1590 1380 -70.13704
1590 1410 -69.85567
1590 1440 -69.63013
1590 1470 -69.4704
1590 1500 -69.38433
1590 1530 -69.37642
1590 1560 -69.4471
1590 1590 -69.59263
1590 1620 -69.805756
1590 1650 -70.07682
1590 1680 -70.39503
1590 1710 -87.71595
1590 1740 -87.79529
1620 0 -80.0192
1620 30 -79.58111
1620 60 -79.12045
1620 90 -78.63487
1620 120 -78.12164
1620 150 -77.577576
1620 180 -66.998955
1620 210 -66.38141
1620 240 -65.71974
1620 270 -65.00784
1620 300 -64.238434
1620 330 -63.40292
1620 360 -62.49139
1620 390 -61.492863
1620 420 -60.39658
1620 450 -64.19575
1620 480 -62.897366
1620 510 -61.5459
1620 540 -60.270813
1620 570 -49.340202
1620 600 -49.093845
1620 630 -49.648346
1620 660 -55.757927
1620 690 -57.087215
1620 720 -63.42684
1620 750 -69.688675
1620 780 -70.84742
1620 810 -71.903435
1620 840 -70.01271
1620 870 -67.19269
1620 900 -43.07137
1620 930 -35.982876
1620 960 -35.364353
1620 990 -42.71936
1620 1020 -56.968853
1620 1050 -69.85015
1620 1080 -72.02074
1620 1110 -73.7599
1620 1140 -75.21008
1620 1170 -78.22346
1620 1200 -71.49098
1620 1230 -76.615845
1620 1260 -86.751724
1620 1290 -81.74415
1620 1320 -72.052124
1620 1350 -71.091644
1620 1380 -82.81457
1620 1410 -70.57092
1620 1440 -70.380394
1620 1470 -70.2464
1620 1500 -70.17453
1620 1530 -70.16794
1620 1560 -70.22692
1620 1590 -70.34886
1620 1620 -87.857506
1620 1650 -70.75921
1620 1680 -71.03258
1620 1740 -88.09358
1650 0 -79.96051
1650 30 -79.51614
1650 60 -79.04816
1650 90 -78.55394
1650 120 -78.03046
1650 150 -77.47407
1650 180 -66.88049
1650 210 -66.24455
1650 240 -65.55995
1650 270 -64.81896
1650 300 -64.01196
1650 330 -63.126858
1650 360 -62.148247
1650 390 -61.056423
1650 420 -59.826267
1650 450 -58.42684
1650 480 -61.824986
1650 510 -60.005108
1650 540 -58.04803
1650 570 -46.36172
1650 600 -45.858112
1650 630 -46.95351
1650 660 -53.83267
1650 690 -60.757927
1650 720 -56.675232
1650 750 -55.49014
1650 780 -54.128532
1650 810 -52.5346
1650 840 -50.628006
1650 870 -48.30316
1650 900 -45.508183
1650 930 -42.839897
1650 960 -42.71936
1650 990 -45.310844
1650 1020 -58.130844
1650 1050 -60.487274
1650 1080 -72.418274
1650 1110 -74.03024
1650 1140 -75.405365
1650 1170 -86.60087
1650 1200 -71.830696
1650 1230 -76.94628
1650 1260 -87.07236
1650 1290 -82.26134
1650 1320 -71.96196
1650 1350 -71.687164
1650 1380 -78.03607
1650 1410 -71.23676
1650 1440 -71.07383
1650 1470 -70.95988
1650 1500 -70.89897
1650 1530 -70.89339
1650 1560 -70.943344
1650 1590 -71.04697
1650 1620 -88.162186
1650 1650 -71.39877
1650 1680 -71.63571
1650 1710 -71.90484
1650 1740 -88.38267
1680 0 -79.92314
1680 30 -79.47473
1680 60 -79.00201
1680 90 -78.5022
1680 120 -77.97204
1680 150 -77.40761
1680 180 -66.804214
1680 210 -66.15611
1680 240 -65.45624
1680 270 -64.69568
1680 300 -63.86307
1680 330 -62.943584
1680 360 -61.9174
1680 390 -60.75728
1680 420 -59.42451
1680 450 -57.86203
1680 480 -55.98242
1680 510 -53.649395
1680 540 -55.676376
1680 570 -42.15455
1680 600 -40.676533
1680 630 -43.56784
1680 660 -51.95351
1680 690 -54.648346
1680 720 -56.779697
1680 750 -58.519314
1680 780 -69.620834
1680 810 -73.22853
1680 840 -61.661774
1680 870 -59.943787
1680 900 -53.23505
1680 930 -57.014553
1680 960 -56.968853
1680 990 -58.130844
1680 1020 -69.82642
1680 1050 -61.551235
1680 1080 -73.129585
1680 1110 -74.53319
1680 1140 -75.77747
1680 1170 -86.8863
1680 1200 -72.15896
1680 1230 -72.266235
1680 1320 -82.494026
1680 1350 -82.78637
1680 1410 -71.85889
1680 1440 -71.71806
1680 1470 -71.619995
1680 1500 -71.56773
1680 1530 -71.56294
1680 1560 -71.605804
1680 1590 -71.694916
1680 1620 -71.827484
1680 1650 -71.99963
1680 1680 -72.206665
1680 1710 -72.44353
1680 1740 -88.66304
1710 0 -79.90766
1710 30 -79.457565
1710 60 -78.982864
1710 90 -78.48071
1710 120 -77.947754
1710 150 -77.379944
1710 180 -66.772415
1710 210 -66.11917
1710 240 -65.4128
1710 270 -64.643875
1710 300 -63.800243
1710 330 -62.86581
1710 360 -61.81866
1710 390 -60.62785
1710 420 -59.247635
1710 450 -57.606274
1710 480 -55.5816
1710 510 -52.93918
1710 540 -49.132652
1710 570 -37.299004
1710 600 -28.004814
1710 630 -40.676533
1710 660 -55.858112
1710 690 -59.093845
1710 720 -61.44874
1710 750 -63.300404
1710 780 -74.82626
1710 810 -74.101944
1710 840 -67.86597
1710 870 -66.63048
1710 900 -55.548145
1710 930 -59.873753
1710 960 -59.85015
1710 990 -60.487274
1710 1020 -71.55124
1710 1050 -72.782455
1710 1080 -82.1857
1710 1110 -75.19629
1710 1140 -76.28461
1710 1170 -87.28422
1710 1200 -88.20129
1710 1230 -72.57623
1710 1260 -87.68549
1710 1290 -83.239746
1710 1320 -83.00245
1710 1350 -88.062454
1710 1410 -72.44222
1710 1440 -72.31935
1710 1470 -72.234085
1710 1500 -72.18875
1710 1530 -72.1846
1710 1560 -72.22177
1710 1590 -72.299194
1710 1620 -72.41478
1710 1650 -72.56552
1710 1680 -72.74779
1710 1710 -72.957565
1710 1740 -73.19069
1740 0 -79.91431
1740 30 -79.46493
1740 60 -78.99107
1740 90 -78.48994
1740 120 -77.958176
1740 150 -77.391815
1740 180 -66.78607
1740 210 -66.13505
1740 240 -65.43147
1740 270 -64.66615
1740 300 -63.827282
1740 330 -62.89931
1740 360 -61.86125
1740 390 -60.683792
1740 420 -59.32432
1740 450 -57.71773
1740 480 -55.757927
1740 510 -58.257874
1740 540 -54.862232
1740 570 -40.046013
1740 600 -37.299004
1740 630 -42.15455
1740 660 -56.36172
1740 690 -59.340202
1740 720 -61.593678
1740 750 -63.395576
1740 780 -74.89346
1740 810 -76.17386
1740 840 -69.08413
1740 870 -68.18483
1740 900 -62.457397
1740 930 -62.035065
1740 960 -62.020737
1740 990 -62.418274
1740 1020 -73.129585
1740 1050 -74.021194
1740 1080 -84.98389
1740 1110 -85.94931
1740 1140 -76.881615
1740 1170 -87.765
1740 1200 -87.7837
1740 1230 -72.87676
1740 1260 -82.9788
1740 1290 -83.70116
1740 1320 -83.48837
1740 1350 -88.33212
1740 1380 -83.46336
1740 1410 -72.99098
1740 1440 -72.88287
1740 1470 -72.808075
1740 1500 -72.76838
1740 1530 -72.764755
1740 1560 -72.79729
1740 1590 -72.86518
1740 1620 -72.966805
1740 1650 -89.05105
1740 1680 -73.26138
1740 1710 -73.44826
1740 1740 -73.65706
1770 0 -79.94296
1770 30 -79.496704
1770 60 -79.0265
1770 90 -78.52968
1770 120 -78.00306
1770 150 -77.44292
1770 180 -66.844765
1770 210 -66.203156
1770 240 -65.51146
1770 270 -64.76138
1770 300 -63.94253
1770 330 -63.041573
1770 360 -62.04114
1770 390 -60.918213
1770 420 -64.64183
1770 450 -63.17017
1770 480 -61.44874
1770 510 -59.41931
1770 540 -57.089664
1770 570 -44.862232
1770 600 -44.132652
1770 630 -45.676376
1770 660 -58.04803
1770 690 -60.270813
1770 720 -62.171223
1770 750 -63.785473
1770 780 -75.17319
1770 810 -76.38385
1770 840 -80.244385
1770 870 -79.57324
1770 900 -64.05727
1770 930 -63.76951
1770 960 -63.7599
1770 990 -64.03024
1770 1020 -74.53319
1770 1050 -75.19629
1770 1080 -85.94931
1770 1110 -86.73866
1770 1140 -87.529236
1770 1170 -88.30046
1770 1200 -88.081345
1770 1230 -73.1683
1770 1260 -83.26379
1770 1290 -84.1447
1770 1380 -83.63237
1770 1410 -83.5088
1770 1440 -83.41298
1770 1470 -73.34684
1770 1500 -73.31179
1770 1530 -73.30859
1770 1560 -73.33731
1770 1590 -73.39732
1770 1620 -73.48734
1770 1650 -89.31667
1770 1680 -73.74963
1770 1710 -73.91701
1770 1740 -74.104904
1800 0 -89.99321
1800 30 -89.55235
1800 60 -89.08847
1800 90 -88.59909
1800 120 -88.081345
1800 150 -87.531876
1800 180 -76.9467
1800 210 -76.32111
1800 240 -75.64945
1800 270 -74.92491
1800 300 -79.13924
1800 330 -78.28239
1800 360 -77.342224
1800 390 -76.30428
1800 420 -75.1523
1800 450 -73.87069
1800 480 -72.453064
1800 510 -70.927376
1800 540 -59.41931
1800 570 -48.257874
1800 600 -47.93918
1800 630 -48.649395
1800 660 -60.005108
1800 690 -61.5459
1800 720 -63.035908
1800 750 -64.39968
1800 780 -75.62785
1800 810 -76.73221
1800 840 -81.32209
1800 870 -83.63439
1800 900 -65.42508
1800 930 -75.216965
1800 960 -75.21008
1800 990 -75.405365
1800 1020 -75.77747
1800 1050 -86.28461
1800 1080 -86.881615
1800 1230 -83.4513
1800 1380 -84.109344
1800 1410 -83.998795
1800 1440 -83.9133
1800 1470 -73.85441
1800 1500 -73.82324
1800 1530 -73.82039
1800 1560 -73.84593
1800 1590 -73.89935
1800 1620 -73.97963
1800 1650 -74.08532
1800 1680 -74.214554
1800 1710 -74.365234
1800 1740 -74.535065
1830 30 -89.630974
1830 60 -89.175865
1830 90 -88.6968
1830 120 -88.19127
1830 150 -87.65642
1830 180 -82.08891
1830 210 -81.48494
1830 240 -80.84009
1830 270 -80.14928
1830 300 -79.40675
1830 330 -78.606125
1830 360 -77.74071
1830 390 -76.80437
1830 420 -75.793564
1830 450 -74.711914
1830 480 -73.57989
1830 510 -62.453068
1830 540 -56.44874
1830 570 -50.757927
1830 600 -50.5816
1830 630 -50.98242
1830 660 -61.824986
1830 690 -62.897366
1830 720 -64.036255
1830 750 -65.1523
1830 780 -76.20683
1830 810 -77.187744
1830 840 -82.314026
1830 870 -86.909645
1830 900 -78.386154
1830 930 -76.45856
1830 960 -76.453384
1830 990 -76.60087
1830 1020 -76.8863
1830 1050 -87.28422
1830 1080 -87.765
1830 1110 -88.30046
1830 1260 -83.81028
1830 1380 -84.56313
1830 1410 -84.46368
1830 1440 -84.38693
1830 1470 -74.33417
1830 1500 -74.30627
1830 1530 -74.30373
1830 1560 -74.32658
1830 1590 -74.37443
1830 1620 -74.446465
1830 1650 -74.5415
1830 1680 -89.859955
1830 1710 -74.7943
1830 1740 -74.94843
1860 30 -89.73133
1860 180 -82.26749
1860 210 -81.689545
1860 240 -81.07657
1860 270 -80.42526
1860 300 -79.7323
1860 330 -78.99471
1860 360 -78.210495
1860 390 -77.37999
1860 420 -76.50821
1860 450 -75.60904
1860 480 -64.711914
1860 510 -58.87069
1860 540 -58.17017
1860 570 -52.71773
1860 600 -52.606274
1860 630 -52.86203
1860 660 -63.42684
1860 690 -64.19575
1860 720 -65.067726
1860 750 -65.97056
1860 780 -76.86125
1860 810 -77.717575
1860 840 -88.22543
1860 870 -67.90054
1860 900 -78.674385
1860 930 -77.545364
1860 960 -77.541336
1860 990 -77.65657
1860 1020 -77.88197
1860 1050 -88.20129
1860 1080 -88.59456
1860 1110 -89.04152
1860 1260 -84.07248
1860 1470 -74.78899
1860 1500 -74.76387
1860 1530 -74.76158
1860 1560 -74.78215
1860 1590 -74.825264
1860 1620 -74.89025
1860 1650 -74.97614
1860 1710 -75.20549
1860 1740 -75.345924
1890 180 -82.47795
1890 210 -81.929146
1890 240 -81.351364
1890 270 -80.74293
1890 300 -80.102646
1890 330 -79.430275
1890 360 -78.72731
1890 390 -77.99829
1890 420 -77.25278
1890 450 -66.50821
1890 480 -65.793564
1890 510 -60.1523
1890 540 -64.64183
1890 570 -54.32432
1890 600 -54.247635
1890 630 -54.42451
1890 660 -64.82626
1890 690 -75.396576
1890 720 -76.073395
1890 750 -76.80437
1890 780 -82.55206
1890 810 -78.29256
1890 840 -89.01196
1890 870 -68.79823
1890 900 -78.95341
1890 930 -78.51162
1890 960 -78.50839
1890 990 -78.600876
1890 1020 -78.78314
1890 1050 -79.04437
1890 1080 -89.37079
1890 1110 -89.74768
1890 1260 -84.32777
1890 1470 -75.22132
1890 1500 -75.198586
1890 1530 -75.19652
1890 1560 -75.21513
1890 1590 -75.25417
1890 1620 -75.31309
1890 1650 -75.39108
1890 1710 -75.60002
1890 1740 -75.72844
1920 180 -82.71553
1920 210 -82.19776
1920 240 -81.65689
1920 270 -81.09259
1920 300 -80.505356
1920 330 -79.89691
1920 360 -79.270996
1920 390 -78.63439
1920 420 -67.99829
1920 450 -67.37999
1920 480 -61.80437
1920 510 -61.304283
1920 540 -65.91821
1920 570 -55.683792
1920 600 -55.62785
1920 630 -55.75728
1920 660 -66.05643
1920 690 -76.49286
1920 720 -77.027565
1920 750 -77.62377
1920 780 -88.251724
1920 810 -83.889725
1920 840 -79.838776
1920 870 -79.61733
1920 930 -79.38135
1920 960 -79.37871
1920 990 -79.45453
1920 1020 -79.60483
1920 1050 -79.82214
1920 1290 -84.65314
1920 1470 -75.63327
1920 1500 -75.6126
1920 1530 -75.61072
1920 1560 -75.62764
1920 1590 -75.663155
1920 1620 -75.71681
1920 1650 -75.78793
1920 1680 -75.87568
1920 1740 -76.096855
1950 180 -82.975494
1950 210 -82.48956
1950 240 -81.98595
1950 270 -81.46541
1950 300 -80.929596
1950 330 -80.38151
1950 360 -79.82611
1950 390 -69.270996
1950 420 -68.72731
1950 450 -68.210495
1950 480 -62.74071
1950 510 -62.34222
1950 540 -67.04114
1950 570 -56.86125
1950 600 -56.81866
1950 630 -56.9174
1950 660 -67.14825
1950 690 -67.491394
1950 720 -77.92151
1950 750 -78.41281
1950 780 -88.942535
1950 810 -89.492386
1950 840 -80.5566
1950 870 -80.36963
1950 930 -80.17204
1950 960 -80.169846
1950 990 -80.23314
1950 1020 -80.359116
1950 1050 -80.5425
1950 1080 -80.7762
1950 1290 -84.891365
1950 1440 -76.06247
1950 1470 -76.02666
1950 1500 -76.00778
1950 1530 -76.006065
1950 1560 -76.02152
1950 1590 -76.05397
1950 1620 -76.10303
1950 1650 -76.16815
1950 1680 -76.248604
1950 1740 -76.452
1980 180 -83.25332
1980 210 -82.79913
1980 240 -82.33211
1980 270 -81.85372
1980 300 -81.36641
1980 330 -80.87387
1980 360 -70.38151
1980 390 -69.89691
1980 420 -69.430275
1980 450 -63.994713
1980 480 -63.606125
1980 510 -68.28239
1980 540 -68.04157
1980 570 -57.89931
1980 600 -57.86581
1980 630 -57.943584
1980 660 -68.12686
1980 690 -68.40292
1980 720 -78.75481
1980 750 -79.164246
1980 780 -89.614
1980 840 -81.22448
1980 900 -86.5622
1980 990 -80.94862
1980 1020 -81.0557
1980 1050 -81.21239
1980 1080 -81.41344
1980 1290 -85.12388
1980 1440 -76.43593
1980 1470 -76.40308
1980 1500 -76.38578
1980 1530 -76.38421
1980 1560 -76.39838
1980 1590 -76.42813
1980 1620 -76.47317
1980 1650 -76.533005
1980 1680 -76.60703
1980 1740 -76.794655
2010 180 -83.54486
2010 210 -83.12164
2010 240 -82.689766
2010 270 -82.25118
2010 300 -81.80874
2010 330 -81.36641
2010 360 -70.929596
2010 390 -70.505356
2010 420 -70.102646
2010 450 -64.7323
2010 480 -64.40675
2010 510 -69.13924
2010 540 -68.942535
2010 570 -58.827282
2010 600 -58.800243
2010 630 -58.86307
2010 660 -69.01196
2010 690 -69.238434
2010 720 -69.530754
2010 750 -79.87579
2010 840 -81.84825
2010 990 -81.61033
2010 1020 -81.70244
2010 1050 -81.83778
2010 1080 -82.012405
2010 1320 -85.42139
2010 1440 -76.79418
2010 1470 -76.76395
2010 1500 -76.748024
2010 1530 -76.746574
2010 1560 -76.759605
2010 1590 -76.787
2010 1620 -76.828476
2010 1650 -76.883644
2010 1680 -76.95197
2040 330 -81.85372
2040 360 -81.46541
2040 390 -81.09259
2040 420 -75.74293
2040 450 -75.42526
2040 480 -80.14928
2040 510 -79.92491
2040 540 -69.76138
2040 570 -69.66615
2040 600 -69.643875
2040 630 -69.69568
2040 660 -69.81896
2040 690 -80.00784
2040 720 -80.25403
2040 990 -82.22569
2040 1020 -82.30574
2040 1050 -82.423775
2040 1080 -82.57674
2040 1110 -82.76096
2040 1320 -85.63966
2040 1440 -77.13839
2040 1470 -77.110466
2040 1500 -77.095764
2040 1530 -77.09443
2040 1560 -77.10646
2040 1590 -77.13176
2040 1620 -77.17008
2040 1650 -77.2211
2040 1680 -77.28436
2040 1710 -77.35933
2070 300 -82.689766
2070 330 -82.33211
2070 360 -81.98595
2070 390 -76.65689
2070 420 -76.351364
2070 450 -76.07657
2070 480 -80.84009
2070 510 -80.64945
2070 540 -70.51146
2070 570 -70.43147
2070 600 -70.4128
2070 630 -70.45624
2070 660 -70.55995
2070 690 -80.71974
2070 720 -80.929596
2070 750 -81.18231
2070 990 -82.80073
2070 1020 -82.870926
2070 1050 -82.97473
2070 1080 -83.10974
2070 1110 -83.27309
2070 1320 -85.853134
2070 1440 -77.46961
2070 1470 -77.44374
2070 1500 -77.43013
2070 1530 -77.428894
2070 1560 -77.44003
2070 1590 -77.46346
2070 1620 -77.498985
2070 1650 -77.5463
2070 1680 -77.60503
2070 1710 -77.674706
2100 270 -83.452934
2100 300 -83.12164
2100 330 -82.79913
2100 360 -82.48956
2100 390 -77.19776
2100 420 -76.929146
2100 450 -76.689545
2100 480 -81.48494
2100 510 -81.32111
2100 540 -71.203156
2100 570 -71.13505
2100 600 -71.11917
2100 630 -71.15611
2100 660 -71.24455
2100 690 -81.38141
2100 720 -81.5622
2100 750 -81.781525
2100 990 -83.34035
2100 1020 -83.402405
2100 1050 -83.49437
2100 1080 -83.61437
2100 1110 -83.76009
2100 1140 -83.928925
2100 1320 -86.06197
2100 1350 -86.127174
2100 1440 -77.78877
2100 1470 -77.76475
2100 1500 -77.752106
2100 1530 -77.75095
2100 1560 -77.76131
2100 1590 -77.783066
2100 1620 -77.81608
2100 1650 -77.86008
2100 1680 -77.914734
2100 1710 -77.97965
2130 240 -84.15484
2130 270 -83.846436
2130 300 -83.54486
2130 330 -83.25332
2130 360 -77.975494
2130 390 -77.71553
2130 420 -77.47795
2130 450 -82.26749
2130 480 -82.08891
2130 510 -81.9467
2130 540 -71.844765
2130 570 -71.78607
2130 600 -71.772415
2130 630 -71.804214
2130 660 -71.88049
2130 690 -81.998955
2130 720 -82.15622
2130 750 -82.348114
2130 780 -82.56999
2130 990 -83.84863
2130 1020 -83.90388
2130 1050 -83.98591
2130 1080 -84.09322
2130 1110 -84.22396
2130 1140 -84.375984
2130 1350 -86.32858
2130 1440 -78.096725
2130 1470 -78.07435
2130 1500 -78.06258
2130 1530 -78.06151
2130 1560 -78.07114
2130 1590 -78.09141
2130 1620 -78.12216
2130 1650 -78.163185
2130 1680 -78.21418
2130 1710 -78.274796
2160 210 -84.80454
2160 240 -84.51614
2160 270 -84.23317
2160 300 -83.95812
2160 330 -83.69387
2160 360 -78.443634
2160 390 -78.21096
2160 420 -77.999626
2160 450 -82.81351
2160 480 -82.65642
2160 510 -82.531876
2160 540 -72.44292
2160 570 -72.391815
2160 600 -72.379944
2160 630 -72.40761
2160 660 -72.47407
2160 690 -82.577576
2160 720 -82.71553
2160 750 -82.884674
2160 780 -83.081345
2160 990 -84.328995
2160 1020 -84.37849
2160 1050 -84.4521
2160 1080 -84.548615
2160 1110 -84.66651
2160 1140 -84.80404
2160 1350 -86.52589
2160 1440 -78.39422
2160 1470 -78.37332
2160 1500 -78.362335
2160 1530 -78.361336
2160 1560 -78.37033
2160 1590 -78.38925
2160 1620 -78.41798
2160 1650 -78.45631
2160 1680 -78.50399
2160 1710 -78.56072
2160 1740 -78.626144
2190 180 -85.40923
2190 210 -85.13846
2190 240 -84.87207
2190 270 -84.612045
2190 300 -84.36066
2190 330 -79.12045
2190 360 -78.89426
2190 390 -78.685074
2190 420 -78.49608
2190 450 -83.330444
2190 480 -83.19127
2190 510 -83.081345
2190 540 -73.00306
2190 570 -72.958176
2190 600 -72.947754
2190 630 -72.97204
2190 660 -73.03046
2190 690 -73.12164
2190 720 -83.243576
2190 750 -83.39369
2190 780 -83.569046
2190 990 -84.78433
2190 1020 -84.828926
2190 1050 -84.89534
2190 1080 -84.98258
2190 1110 -85.0894
2190 1140 -85.21435
2190 1170 -85.355835
2190 1350 -86.71924
2190 1380 -86.7799
2190 1410 -78.71063
2190 1440 -78.68193
2190 1470 -78.66238
2190 1500 -78.6521
2190 1530 -78.65116
2190 1560 -78.65958
2190 1590 -78.677284
2190 1620 -78.70417
2190 1650 -78.74007
2190 1680 -78.78475
2190 1710 -78.83795
2190 1740 -78.89935
2220 150 -85.97472
2220 180 -85.71959
2220 210 -85.46804
2220 240 -85.22169
2220 270 -84.98234
2220 300 -79.75205
2220 330 -79.53308
2220 360 -79.327866
2220 390 -79.13901
2220 420 -83.96913
2220 450 -83.8209
2220 480 -83.6968
2220 510 -73.59909
2220 540 -73.52968
2220 570 -73.48994
2220 600 -73.48071
2220 630 -73.5022
2220 660 -73.55394
2220 690 -73.63487
2220 720 -83.74339
2220 750 -83.87743
2220 780 -84.03464
2220 810 -84.21242
2220 990 -85.2171
2220 1020 -85.257484
2220 1050 -85.3177
2220 1080 -85.396935
2220 1110 -85.49414
2220 1140 -85.608116
2220 1170 -85.73752
2220 1380 -86.96686
2220 1410 -78.987404
2220 1440 -78.96048
2220 1470 -78.94215
2220 1500 -78.93251
2220 1530 -78.93163
2220 1560 -78.93952
2220 1590 -78.95612
2220 1620 -78.98134
2220 1650 -79.01503
2220 1680 -79.056984
2220 1710 -79.10697
2220 1740 -79.16471
2250 120 -86.50576
2250 150 -86.26459
2250 180 -86.02639
2250 210 -85.79247
2250 240 -85.56432
2250 270 -85.343605
2250 300 -80.13216
2250 330 -79.93196
2250 360 -79.745155
2250 390 -79.57394
2250 420 -84.42055
2250 450 -84.28717
2250 480 -84.175865
2250 510 -74.08847
2250 540 -74.0265
2250 570 -73.99107
2250 600 -73.982864
2250 630 -74.00201
2250 660 -74.04816
2250 690 -74.12045
2250 720 -84.21761
2250 750 -84.33798
2250 780 -84.47962
2250 810 -84.64041
2250 990 -85.62943
2250 1020 -85.666176
2250 1050 -85.721016
2250 1080 -85.79328
2250 1110 -85.882095
2250 1140 -85.98645
2250 1170 -86.105194
2250 1380 -87.150276
2250 1410 -79.25574
2250 1440 -79.23043
2250 1470 -79.2132
2250 1500 -79.204155
2250 1530 -79.20333
2250 1560 -79.21074
2250 1590 -79.22633
2250 1620 -79.25004
2250 1650 -79.28171
2250 1680 -79.32118
2250 1710 -79.36823
2250 1740 -79.42262
2280 90 -87.0063
2280 120 -86.777664
2280 150 -86.55152
2280 180 -86.32895
2280 210 -86.111176
2280 240 -85.89957
2280 270 -80.69563
2280 300 -80.50102
2280 330 -80.31748
2280 360 -80.14686
2280 390 -79.991035
2280 420 -84.85192
2280 450 -84.73133
2280 480 -84.630974
2280 510 -74.55235
2280 540 -74.496704
2280 570 -74.46493
2280 600 -74.457565
2280 630 -74.47473
2280 660 -74.51614
2280 690 -74.58111
2280 720 -84.66859
2280 750 -84.77724
2280 780 -84.90545
2280 810 -85.05147
2280 840 -85.21343
2280 990 -86.023155
2280 1020 -86.056725
2280 1050 -86.10688
2280 1080 -86.17304
2280 1110 -86.25449
2280 1140 -86.350365
2280 1170 -86.45969
2280 1200 -86.58142
2280 1380 -87.33028
2280 1410 -79.51613
2280 1440 -79.4923
2280 1470 -79.47608
2280 1500 -79.46756
2280 1530 -79.46678
2280 1560 -79.473755
2280 1590 -79.48844
2280 1620 -79.51076
2280 1650 -79.540596
2280 1680 -79.57779
2280 1710 -79.622154
2280 1740 -79.67347
2310 90 -87.26232
2310 120 -87.047104
2310 150 -86.8349
2310 180 -86.626724
2310 210 -86.42373
2310 240 -86.22715
2310 270 -81.03836
2310 300 -80.858826
2310 330 -80.69009
2310 360 -80.533745
2310 390 -85.39143
2310 420 -85.26475
2310 450 -85.155235
2310 480 -85.06431
2310 510 -74.99321
2310 540 -74.94296
2310 570 -74.91431
2310 600 -74.90766
2310 630 -74.92314
2310 660 -74.96051
2310 690 -75.0192
2310 720 -75.098366
2310 750 -85.196884
2310 780 -85.313446
2310 810 -85.44657
2310 840 -85.59469
2310 990 -86.39987
2310 1020 -86.430664
2310 1050 -86.4767
2310 1080 -86.537506
2310 1110 -86.61245
2310 1140 -86.70081
2310 1170 -86.80176
2310 1200 -86.9144
2310 1410 -79.76902
2310 1440 -79.746544
2310 1470 -79.73125
2310 1500 -79.72321
2310 1530 -79.72249
2310 1560 -79.72906
2310 1590 -79.74291
2310 1620 -79.76396
2310 1650 -79.79211
2310 1680 -79.82722
2310 1710 -79.86912
2310 1740 -79.91762
2340 60 -87.72151
2340 90 -87.51624
2340 120 -87.313545
2340 150 -87.11426
2340 180 -86.91936
2340 210 -86.72987
2340 240 -81.54697
2340 270 -81.37185
2340 300 -81.20584
2340 330 -81.0503
2340 360 -80.90661
2340 390 -85.776184
2340 420 -85.660385
2340 450 -85.56052
2340 480 -85.47777
2340 510 -75.41318
2340 540 -75.367584
2340 570 -75.3416
2340 600 -75.33559
2340 630 -75.34962
2340 660 -75.3835
2340 690 -75.436775
2340 720 -75.50874
2340 750 -85.59847
2340 780 -85.704865
2340 810 -85.826675
2340 840 -85.96257
2340 870 -86.111176
2340 990 -86.76099
2340 1020 -86.78933
2340 1050 -86.83173
2340 1080 -86.887794
2340 1110 -86.956985
2340 1140 -87.038666
2340 1170 -87.13214
2340 1200 -87.236626
2340 1230 -87.35129
2340 1410 -80.01484
2340 1440 -79.9936
2340 1470 -79.97915
2340 1500 -79.971565
2340 1530 -79.97087
2340 1560 -79.97708
2340 1590 -79.990166
2340 1620 -80.010056
2340 1650 -80.03666
2340 1680 -80.069855
2340 1710 -80.10949
2340 1740 -80.15539
2370 30 -88.15778
2370 60 -87.96161
2370 90 -87.767624
2370 120 -87.57658
2370 150 -87.38926
2370 180 -87.20657
2370 210 -82.029465
2370 240 -81.85899
2370 270 -81.69625
2370 300 -81.542404
2370 330 -81.39865
2370 360 -81.26621
2370 390 -86.14629
2370 420 -86.04007
2370 450 -85.94865
2370 480 -85.87304
2370 510 -75.81411
2370 540 -75.77255
2370 570 -75.748886
2370 600 -75.74341
2370 630 -75.75619
2370 660 -75.78705
2370 690 -75.83563
2370 720 -75.90133
2370 750 -85.983376
2370 780 -86.08084
2370 810 -86.19268
2370 840 -86.31775
2370 870 -86.454865
2370 1020 -87.13391
2370 1050 -87.173096
2370 1080 -87.224945
2370 1110 -87.289
2370 1140 -87.36473
2370 1170 -87.45151
2370 1200 -87.54866
2370 1230 -87.65547
2370 1410 -80.25396
2370 1440 -80.23386
2370 1470 -80.22019
2370 1500 -80.21301
2370 1530 -80.21236
2370 1560 -80.21823
2370 1590 -80.230606
2370 1620 -80.24943
2370 1650 -80.274605
2370 1680 -80.30604
2370 1710 -80.34358
2370 1740 -80.38709
2400 0 -88.573296
2400 30 -88.38545
2400 60 -88.19951
2400 90 -88.01609
2400 120 -87.83589
2400 150 -87.65965
2400 180 -87.48821
2400 210 -82.32244
2400 240 -82.1633
2400 270 -82.011765
2400 300 -81.86887
2400 330 -81.735695
2400 360 -86.61328
2400 390 -86.50269
2400 420 -86.40494
2400 450 -86.32095
2400 480 -76.2516
2400 510 -76.197624
2400 540 -76.1596
2400 570 -76.137955
2400 600 -76.13295
2400 630 -76.14462
2400 660 -76.17286
2400 690 -76.21733
2400 720 -76.277534
2400 750 -86.35284
2400 780 -86.44244
2400 810 -86.54545
2400 840 -86.66089
2400 870 -86.787735
2400 900 -86.92493
2400 1020 -87.46546
2400 1050 -87.50178
2400 1080 -87.549866
2400 1110 -87.60934
2400 1140 -87.679726
2400 1170 -87.76048
2400 1200 -87.851036
2400 1230 -87.950745
2400 1410 -80.486725
2400 1440 -80.46768
2400 1470 -80.45473
2400 1500 -80.44793
2400 1530 -80.44731
2400 1560 -80.45287
2400 1590 -80.4646
2400 1620 -80.48244
2400 1650 -80.5063
2400 1680 -80.53611
2400 1710 -80.571724
2400 1740 -80.613014
2430 0 -88.78975
2430 30 -88.61123
2430 60 -88.4349
2430 90 -88.26135
2430 120 -88.09124
2430 150 -87.92527
2430 180 -82.76418
2430 210 -82.60881
2430 240 -82.45999
2430 270 -82.318634
2430 300 -82.185646
2430 330 -82.061966
2430 360 -86.94853
2430 390 -86.84625
2430 420 -86.756004
2430 450 -86.678604
2430 480 -76.61478
2430 510 -76.565155
2430 540 -76.53023
2430 570 -76.51036
2430 600 -76.50576
2430 630 -76.51648
2430 660 -76.542404
2430 690 -76.58327
2430 720 -76.63864
2430 750 -86.70798
2430 780 -86.79061
2430 810 -86.885765
2430 840 -86.992615
2430 870 -87.11026
2430 900 -87.23777
2430 1020 -87.78492
2430 1050 -87.81867
2430 1080 -87.863396
2430 1110 -87.91875
2430 1140 -87.98433
2430 1170 -88.05967
2430 1200 -88.14426
2430 1230 -88.237526
2430 1260 -88.3389
2430 1410 -80.71348
2430 1440 -80.695404
2430 1470 -80.68311
2430 1500 -80.67667
2430 1530 -80.67608
2430 1560 -80.68136
2430 1590 -80.69248
2430 1620 -80.709404
2430 1650 -80.73206
2430 1680 -80.76036
2430 1710 -80.79419
2430 1740 -80.83343
2460 0 -89.004555
2460 30 -88.83482
2460 60 -88.66751
2460 90 -88.5032
2460 120 -88.34247
2460 150 -88.18599
2460 180 -83.03446
2460 210 -82.88862
2460 240 -82.749245
2460 270 -82.61713
2460 300 -82.4931
2460 330 -87.37799
2460 360 -87.27261
2460 390 -87.177765
2460 420 -87.09422
2460 450 -87.02267
2460 480 -76.96374
2460 510 -76.91796
2460 540 -76.885765
2460 570 -76.86747
2460 600 -76.86323
2460 630 -76.87311
2460 660 -76.896996
2460 690 -76.93466
2460 720 -76.985756
2460 750 -77.049805
2460 780 -87.126236
2460 810 -87.21439
2460 840 -87.313545
2460 870 -87.42291
2460 900 -87.54169
2460 930 -87.66905
2460 1020 -88.09313
2460 1050 -88.12458
2460 1080 -88.166275
2460 1110 -88.217926
2460 1140 -88.279175
2460 1170 -88.34961
2460 1200 -88.42878
2460 1230 -88.51619
2460 1260 -88.61133
2460 1380 -80.95712
2460 1410 -80.93451
2460 1440 -80.917336
2460 1470 -80.905655
2460 1500 -80.89953
2460 1530 -80.89897
2460 1560 -80.903984
2460 1590 -80.91455
2460 1620 -80.93063
2460 1650 -80.95217
2460 1680 -80.97908
2460 1710 -81.01125
2460 1740 -81.048584
