1394 924 -71
925 1302 -75
1310 1008 -68
1260 540 -84
1074 1588 -63
1686 1110 -81
1497 1497 -54
822 1245 -69
777 1120 -80
582 1302 -78
1209 1008 -61
1640 640 -89
880 620 -84
1600 640 -85
936 820 -74
1540 560 -84
1740 560 -82
1160 540 -81
708 1588 -75
1058 924 -65
1545 1058 -77
1686 1049 -90
1166 892 -81
1267 820 -88
820 748 -85
582 1588 -79
857 1588 -73
1154 1360 -71
820 620 -82
1040 620 -87
1860 560 -84
1008 676 -78
1094 676 -73
1532 1265 -76
1987 202 -92
1420 660 -78
582 925 -82
777 1302 -80
822 1177 -72
891 994 -75
1640 260 -88
940 540 -79
1444 1008 -70
878 676 -79
878 748 -80
777 1360 -78
822 1051 -78
994 1405 -70
1224 748 -75
1784 312 -92
1497 1268 -65
1267 748 -85
1028 1302 -64
708 1497 -74
960 994 -76
822 925 -83
1160 620 -88
857 1497 -68
674 1302 -82
1000 620 -83
1860 640 -88
1629 840 -79
1142 1008 -66
582 1200 -82
1480 640 -81
940 620 -80
1497 1120 -67
582 1405 -80
1280 1588 -53
1913 202 -92
1420 900 -72
1074 1497 -55
822 1120 -76
708 1405 -76
1165 1497 -51
1000 540 -79
1629 756 -80
1987 257 -92
1600 560 -80
1612 940 -83
1740 260 -86
1982 789 -88
936 892 -86
1417 1028 -60
1394 1588 -53
1400 540 -81
1417 1120 -66
1764 789 -90
1224 820 -88
857 1405 -64
1166 820 -80
1405 1360 -62
1062 1280 -68
674 1200 -72
1008 892 -79
1497 1028 -65
1280 1417 -51
1462 1348 -60
936 748 -77
1209 924 -76
1276 924 -78
1008 748 -74
1166 748 -78
1405 1280 -64
1800 560 -85
1478 924 -72
1640 200 -92
1094 748 -75
1640 560 -86
820 892 -84
902 1245 -80
582 1497 -76
1629 672 -83
1614 1265 -80
582 1360 -80
1420 440 -83
1166 676 -78
1560 260 -88
777 1200 -79
120 100 -81
1008 820 -68
822 994 -81
820 540 -81
1017 925 -69
1280 1280 -66
891 925 -75
960 925 -74
820 676 -77
1060 380 -88
1058 1008 -61
1420 800 -66
1640 440 -83
1276 1008 -70
878 820 -76
820 820 -82
1310 924 -76
902 1120 -77
902 1051 -78
936 676 -76
777 925 -80
1377 1008 -67
1545 940 -74
1784 441 -94
1267 676 -74
1320 860 -67
1640 520 -83
1142 924 -67
1540 640 -83
1497 1588 -53
1497 1417 -58
582 1017 -79
1040 540 -78
1497 1188 -70
1913 257 -93
1740 640 -88
834 1302 -77
1062 1360 -70
960 380 -90
1740 520 -86
1280 1497 -49
1094 892 -80
1320 780 -68
1320 620 -73
994 1588 -69
1417 1188 -64
1094 820 -76
994 1497 -66
1881 789 -90
1394 1417 -62
1480 560 -78
1320 540 -86
1545 1008 -83
1394 1497 -61
880 540 -84
1512 1008 -75
1165 1417 -63
1420 500 -71
902 1177 -74
1680 560 -89
878 892 -85
674 1017 -82
1074 1417 -56
1165 1588 -53
582 1120 -86
1417 1268 -64
674 1360 -81
1320 700 -69
1224 676 -78
1154 1280 -65
1663 789 -79
1320 920 -68
1017 994 -75
1280 1360 -69
1840 257 -92
1560 520 -84