891 925 -76
960 994 -75
1497 1588 -69
1280 1280 -73
582 1405 -59
1166 676 -88
1276 1008 -88
1497 1268 -77
1074 1417 -61
1394 1497 -70
1497 1188 -82
1224 820 -73
1320 860 -81
582 1360 -56
1532 1265 -72
1062 1280 -62
1280 1497 -72
1280 1417 -65
1058 924 -78
1480 640 -90
822 994 -66
708 1405 -50
1142 1008 -79
1060 380 -90
936 748 -82
820 676 -77
1545 940 -82
1280 1588 -67
1394 1417 -62
1008 748 -85
822 1120 -72
1142 924 -82
1377 1008 -74
1540 640 -91
1165 1588 -65
1444 1008 -76
820 620 -86
822 1051 -71
1512 1008 -78
1405 1280 -72
1165 1497 -62
878 820 -76
822 1177 -72
936 676 -81
936 820 -82
1310 1008 -81
1629 672 -92
880 620 -85
960 380 -92
1614 1265 -82
940 540 -90
674 1360 -57
1480 560 -94
834 1302 -71
1740 560 -94
960 925 -75
1074 1497 -57
674 925 -65
936 892 -81
582 1017 -71
777 1120 -70
891 994 -64
777 1360 -53
1062 1360 -75
674 1200 -60
1462 1348 -80
1028 1302 -61
940 620 -86
1267 820 -68
857 1405 -58
1224 748 -89
1267 748 -80
120 100 -82
1686 1110 -86
1209 924 -83
1420 500 -86
1154 1360 -69
1000 620 -87
1017 994 -75
820 820 -77
1612 940 -75
1629 840 -89
857 1497 -49
857 1588 -57
1224 676 -86
777 925 -77
1417 1028 -70
1280 1360 -73
582 1588 -58
1267 676 -82
1497 1028 -80
1420 900 -84
1394 924 -80
1400 540 -94
582 1120 -70
1663 789 -92
960 440 -92
878 676 -84
1160 540 -92
902 1177 -62
822 925 -77
1497 1120 -80
582 1200 -64
582 1497 -49
902 1051 -66
674 1017 -65
902 1245 -58
582 1302 -59
820 748 -82
1394 1588 -66
1497 1417 -70
1417 1268 -76
708 1588 -49
582 925 -70
1094 676 -83
777 1200 -68
1545 1008 -82
1209 1008 -76
822 1245 -61
1629 756 -92
1405 1360 -79
994 1497 -54
1417 1188 -78
1017 925 -78
1545 1058 -87
1640 640 -93
994 1588 -53
777 1302 -65
1310 924 -84
1008 676 -87
1074 1588 -55
1417 1120 -73
994 1405 -52
878 748 -80
925 1302 -58
902 1120 -63
674 1302 -61
1154 1280 -63
674 1120 -69
777 1017 -77
1165 1417 -62
1166 748 -82
1497 1497 -70
708 1497 -50
