674 1360 -60
1417 1268 -75
777 1360 -50
1417 1188 -74
708 1497 -62
820 748 -76
902 1120 -67
1008 892 -85
1260 540 -80
1540 560 -86
1310 924 -78
1074 1588 -80
1040 540 -80
820 540 -84
960 994 -68
1058 1008 -71
1224 748 -82
822 1120 -51
1074 1497 -80
777 925 -54
1394 1417 -86
1686 1110 -88
1142 1008 -68
1280 1417 -88
1020 440 -94
936 676 -72
936 892 -76
1280 1588 -90
1280 1280 -75
1008 676 -70
1160 540 -80
940 540 -88
820 620 -86
1040 620 -77
857 1497 -70
1497 1497 -82
1480 560 -94
582 1588 -68
1545 1008 -84
1154 1280 -80
674 1120 -50
1166 748 -76
1462 1348 -80
777 1302 -49
857 1405 -73
960 925 -67
1209 1008 -65
1000 620 -79
1629 840 -90
1165 1417 -83
994 1405 -80
1280 1360 -74
1060 380 -88
1209 924 -71
1497 1417 -86
820 892 -76
1400 540 -90
777 1017 -52
674 925 -53
582 1360 -50
1405 1360 -79
822 1245 -59
940 620 -87
1377 1008 -78
1614 1265 -86
994 1497 -74
1280 1497 -86
1028 1302 -69
1017 925 -60
902 1051 -58
1420 500 -94
902 1177 -62
1512 1008 -85
1008 820 -75
582 1302 -51
1497 1120 -84
822 925 -54
1062 1280 -75
878 892 -74
674 1017 -47
1062 1360 -68
891 925 -67
777 1200 -50
708 1588 -72
1394 1497 -82
1094 748 -74
1600 560 -88
1497 1588 -93
582 1017 -47
820 676 -72
1320 540 -90
1629 672 -92
1480 640 -89
1540 640 -90
1094 820 -75
1165 1497 -84
1276 1008 -73
1165 1588 -83
891 994 -62
960 440 -91
1008 748 -70
582 925 -51
1640 560 -90
1612 940 -85
1166 676 -80
822 1177 -52
1094 892 -83
1154 1360 -70
1420 800 -86
1260 620 -82
1497 1028 -80
1160 620 -79
936 748 -73
582 1405 -69
1166 892 -80
674 1200 -49
777 1120 -55
1417 1028 -79
1686 1049 -89
1017 994 -73
1532 1265 -82
1000 540 -85
1142 924 -71
857 1588 -77
1267 748 -75
1497 1188 -82
1913 257 -94
960 380 -90
1074 1417 -82
880 620 -80
1629 756 -94
820 820 -68
674 1302 -53
878 676 -77
1267 820 -68
1663 789 -92
708 1405 -66
1058 924 -64
1420 440 -94
582 1200 -54
925 1302 -55
1405 1280 -76
1224 676 -81
582 1497 -71
1224 820 -73
1478 924 -83
834 1302 -61
994 1588 -74
1417 1120 -77
1276 924 -76
582 1120 -41
1394 924 -78
1094 676 -79
1267 676 -82
936 820 -65
822 994 -57
1166 820 -85
878 748 -79
822 1051 -54
902 1245 -61
878 820 -70
1394 1588 -85
1497 1268 -81
