582 1200 -78
1444 1008 -72
582 1497 -87
1740 200 -84
674 1017 -73
1260 620 -57
1497 1188 -68
1400 540 -74
1140 200 -92
582 1017 -71
820 892 -57
1686 1049 -84
1310 1008 -63
994 1405 -88
1913 312 -89
960 440 -79
1062 1360 -78
1008 892 -57
674 1200 -73
1784 386 -81
1987 202 -84
1560 440 -77
1740 640 -87
1094 676 -48
1629 840 -75
1540 560 -73
820 820 -53
1160 540 -60
1405 1360 -72
902 1051 -65
1224 676 -57
1545 1008 -80
820 620 -62
1028 1302 -76
1280 1360 -69
1987 386 -88
880 540 -67
777 925 -65
1840 386 -82
902 1245 -74
777 1360 -76
1154 1360 -72
1612 940 -80
1420 800 -70
1860 560 -79
708 1405 -87
1420 660 -67
880 620 -70
960 994 -59
820 540 -67
674 925 -71
822 994 -63
1060 380 -64
1686 1110 -79
1062 1280 -76
1008 748 -55
582 1588 -87
1166 892 -58
1740 520 -82
1000 540 -65
1420 900 -72
1280 1497 -84
582 1302 -83
820 748 -56
1800 560 -83
1987 312 -88
1017 994 -65
1320 540 -65
1140 260 -86
1142 924 -64
1394 924 -69
1987 257 -84
1629 672 -82
120 100 -79
1462 1348 -74
1008 820 -49
1074 1497 -81
1629 756 -73
1663 789 -72
1320 860 -63
1532 1265 -78
1640 200 -85
936 892 -53
820 676 -53
1840 257 -79
1913 257 -79
1740 380 -84
1224 820 -54
1840 441 -91
857 1405 -83
582 1405 -84
994 1497 -84
1920 499 -92
1913 386 -88
1784 202 -86
1276 924 -59
1165 1417 -84
1478 924 -77
1560 200 -87
1166 820 -57
1220 260 -86
1267 676 -56
1320 920 -67
936 676 -60
1058 1008 -66
1276 1008 -67
1800 640 -83
1497 1497 -86
822 1177 -69
1417 1268 -71
1040 620 -59
1497 1028 -68
1260 540 -63
1785 499 -93
891 925 -54
1394 1497 -84
1094 820 -54
1740 440 -79
1165 1588 -81
1040 540 -63
1420 440 -82
1267 820 -57
1545 940 -72
834 1302 -71
857 1497 -83
1680 640 -76
777 1017 -71
1497 1268 -74
1540 640 -73
1160 620 -57
1094 748 -51
940 620 -62
1058 924 -61
582 925 -76
1209 924 -69
1764 789 -77
1377 1008 -61
1740 320 -79
708 1588 -90
1417 1188 -65
1640 260 -84
1843 499 -85
582 1120 -66
582 1360 -82
674 1120 -73
1320 700 -68
1020 440 -82
777 1120 -79
1913 202 -84
1224 748 -56
1166 676 -62
822 1051 -66
878 892 -50
1680 560 -76
822 1245 -80
822 925 -55
1987 441 -93
1074 1417 -84
960 380 -72
1420 500 -65
960 925 -49
777 1200 -81
1560 320 -92
1394 1417 -84
1640 520 -78
1280 1417 -81
1614 1265 -87
1480 640 -75
1740 560 -81
936 748 -47
1405 1280 -72
1008 676 -48
1280 1588 -76
777 1302 -75
1154 1280 -75
822 1120 -65
1640 640 -83
1417 1028 -62
674 1360 -83
878 748 -54
940 540 -63
1982 789 -87
902 1177 -74
1840 202 -90
1512 1008 -72
1560 260 -88
1913 441 -90
1640 560 -78
1320 620 -68
936 820 -55
1996 499 -90
1860 640 -82
1280 1280 -65
1560 520 -83
1417 1120 -65
674 1302 -75
994 1588 -85
1497 1588 -85
925 1302 -75
1394 1588 -84
857 1588 -83
1209 1008 -62
878 676 -54
1497 1417 -83
1640 440 -82
1600 560 -74
1267 748 -52
708 1497 -89
1320 780 -66
1480 560 -71
1640 380 -78
1640 320 -88
1545 1058 -79
1017 925 -67
902 1120 -71
1600 640 -79
1740 260 -78
1310 924 -69
1784 312 -87
891 994 -61
1165 1497 -82
878 820 -55
1497 1120 -79
1142 1008 -59
1784 257 -89
1166 748 -52
1881 789 -85
1000 620 -67
1094 892 -64
1074 1588 -88
1784 441 -88
1840 312 -82
