820 676 -70
822 925 -65
1740 200 -82
940 620 -77
1060 380 -90
1074 1417 -71
1612 940 -69
1310 1008 -58
902 1177 -73
674 1017 -81
1267 748 -79
822 1245 -74
1881 789 -79
1166 748 -74
857 1405 -76
1600 560 -73
1074 1497 -72
582 1405 -89
878 892 -73
1094 820 -68
925 1302 -68
1860 640 -87
1320 780 -62
857 1588 -76
1165 1497 -74
1800 640 -81
1784 441 -84
891 994 -62
1074 1588 -80
1000 620 -78
1740 560 -83
1560 440 -83
1040 540 -81
1276 924 -59
960 380 -91
1028 1302 -68
820 620 -81
1062 1360 -63
1260 540 -77
1913 257 -90
1040 620 -81
582 1588 -84
960 440 -94
582 1120 -81
1840 202 -90
936 676 -69
1320 860 -59
820 892 -69
820 540 -78
1462 1348 -52
1224 676 -74
674 1360 -80
1267 820 -69
582 1497 -85
1540 560 -73
1417 1028 -51
1640 640 -84
1094 676 -75
1094 748 -68
674 1120 -79
1478 924 -56
1740 380 -80
777 1120 -78
1008 748 -66
822 1051 -63
582 1360 -79
1614 1265 -69
1512 1008 -52
1394 1588 -70
936 892 -73
1320 620 -71
880 540 -83
1417 1120 -54
902 1051 -73
1224 748 -69
1320 700 -62
1280 1360 -56
120 100 -74
1640 380 -84
1400 540 -76
857 1497 -80
1497 1268 -52
1497 1120 -54
1017 925 -60
1420 900 -53
902 1120 -69
994 1497 -76
1545 940 -61
1166 676 -70
1405 1360 -52
1784 312 -86
1405 1280 -49
1377 1008 -59
1420 500 -75
940 540 -84
1444 1008 -54
1640 320 -87
878 748 -77
582 925 -82
1784 257 -93
708 1405 -83
1008 820 -67
1497 1417 -60
1640 200 -86
1560 380 -84
1062 1280 -59
1166 820 -66
1154 1360 -63
1320 540 -77
708 1497 -81
777 925 -68
1840 386 -86
1160 540 -78
936 748 -69
880 620 -79
1497 1588 -67
1860 560 -78
822 1177 -68
1784 386 -85
1224 820 -73
822 994 -66
1209 924 -53
777 1302 -78
1764 789 -70
994 1588 -76
1740 320 -86
1686 1049 -73
878 820 -74
1740 640 -82
1008 892 -65
902 1245 -70
1058 924 -57
960 925 -62
994 1405 -78
674 1200 -71
936 820 -70
1629 756 -67
1142 1008 -60
1532 1265 -69
1987 257 -92
1629 840 -60
1142 924 -61
1680 560 -83
960 994 -67
1663 789 -70
777 1200 -79
1094 892 -59
1394 924 -55
582 1200 -77
777 1017 -80
1497 1188 -49
1280 1280 -57
1913 312 -93
1310 924 -55
820 820 -78
1545 1008 -67
1017 994 -63
1165 1588 -74
1320 920 -54
708 1588 -77
1540 640 -80
1394 1497 -64
891 925 -66
1640 440 -86
1420 440 -83
820 748 -76
1260 620 -78
1420 800 -60
1394 1417 -59
674 925 -76
582 1302 -79
1600 640 -78
1987 312 -94
1008 676 -79
1166 892 -72
1417 1188 -44
1982 789 -82
1640 260 -85
878 676 -69
1640 560 -78
777 1360 -76
1480 640 -77
1545 1058 -63
1280 1497 -69
1276 1008 -61
674 1302 -74
1220 260 -96
822 1120 -66
1020 440 -96
1640 520 -80
1686 1110 -71
834 1302 -75
1154 1280 -62
1160 620 -82
1058 1008 -60
1800 560 -77
1629 672 -73
1267 676 -69
1680 640 -77
582 1017 -82
1497 1028 -50
1209 1008 -57
1420 660 -67
1480 560 -72
1560 520 -87
1165 1417 -66
1417 1268 -46
1497 1497 -69
1280 1417 -74
1280 1588 -62
