582 1588 -71
1154 1360 -51
1394 1588 -74
822 994 -57
777 1017 -71
1165 1497 -73
891 925 -65
1394 1417 -78
1417 1120 -74
1062 1280 -52
822 1120 -57
857 1588 -65
777 1302 -55
1394 1497 -76
1062 1360 -50
1280 1497 -76
936 820 -78
1028 1302 -46
1545 1058 -80
1280 1360 -52
1094 892 -86
1267 820 -70
820 676 -76
1497 1120 -78
1320 860 -80
674 925 -75
1497 1028 -78
822 925 -67
708 1497 -60
1094 748 -80
857 1497 -60
1142 924 -76
582 1302 -63
582 925 -72
1074 1497 -72
1008 820 -78
1074 1417 -65
1614 1265 -67
936 676 -74
1444 1008 -78
1320 920 -80
1417 1028 -73
902 1051 -62
960 440 -82
834 1302 -49
1497 1417 -82
674 1017 -74
1405 1280 -61
1497 1268 -65
1497 1188 -70
1405 1360 -60
822 1245 -52
857 1405 -56
820 748 -72
822 1051 -59
1276 1008 -78
1060 380 -83
994 1588 -63
1008 892 -86
1417 1268 -68
878 748 -77
1008 748 -79
1532 1265 -68
582 1405 -81
708 1588 -72
822 1177 -62
582 1360 -65
878 820 -73
1224 820 -61
777 1200 -62
1545 940 -80
1017 925 -71
1497 1588 -74
1280 1280 -57
1280 1588 -74
820 820 -71
820 892 -75
1267 748 -74
1166 748 -80
936 748 -80
925 1302 -48
777 1120 -70
1394 924 -80
1478 924 -82
582 1017 -80
1154 1280 -57
674 1200 -63
940 620 -80
902 1245 -51
878 892 -80
1165 1588 -77
1310 1008 -72
994 1497 -60
1417 1188 -69
674 1360 -59
1058 924 -74
1462 1348 -68
1165 1417 -69
582 1200 -68
891 994 -63
582 1120 -73
777 1360 -62
960 925 -70
674 1120 -68
1209 1008 -78
902 1177 -57
902 1120 -54
1000 620 -80
994 1405 -61
582 1497 -84
878 676 -73
1224 676 -82
1017 994 -69
1008 676 -79
777 925 -70
960 994 -69
1209 924 -82
1142 1008 -72
1074 1588 -74
674 1302 -59
1497 1497 -76
708 1405 -67
1166 676 -80
1512 1008 -78
