1497 1028 -63
960 994 -70
822 1177 -82
822 994 -76
820 820 -73
582 1360 -82
1280 1360 -61
1058 1008 -73
834 1302 -76
1614 1265 -68
1224 820 -85
936 748 -74
1497 1588 -65
1165 1588 -75
582 1200 -84
1166 892 -74
902 1177 -77
674 1200 -82
822 1051 -74
994 1497 -82
820 892 -76
1209 924 -74
878 820 -80
878 676 -76
1629 756 -80
902 1245 -72
1267 676 -80
1394 1417 -63
1008 892 -82
674 1360 -82
1224 748 -82
582 1302 -72
1417 1120 -54
994 1405 -78
1224 676 -80
857 1405 -78
1497 1417 -63
1478 924 -59
1420 500 -82
891 994 -76
1028 1302 -59
1417 1268 -49
1640 560 -80
1512 1008 -55
1209 1008 -66
1142 924 -72
1074 1588 -80
925 1302 -70
1629 840 -78
777 1120 -84
1405 1360 -53
1154 1360 -55
960 925 -74
902 1120 -80
1165 1417 -78
1420 660 -76
960 380 -84
1444 1008 -58
1600 560 -83
1094 892 -74
1074 1497 -76
1154 1280 -60
1417 1028 -59
1267 748 -72
1420 900 -68
1497 1268 -48
120 100 -82
1686 1110 -84
1480 560 -83
1497 1188 -54
1394 1497 -72
1310 924 -74
1008 676 -78
1094 748 -80
1400 540 -78
1166 748 -80
857 1588 -84
777 1017 -84
1017 925 -73
891 925 -75
1532 1265 -62
936 892 -80
1165 1497 -72
1017 994 -77
1405 1280 -53
1008 748 -73
1394 924 -69
1074 1417 -76
777 1200 -84
1417 1188 -58
1394 1588 -70
1545 1058 -80
857 1497 -80
777 1302 -78
1280 1588 -72
1280 1417 -65
902 1051 -72
878 892 -88
1166 676 -80
1629 672 -83
1612 940 -74
1280 1497 -70
1764 789 -80
1320 620 -76
1480 640 -81
1540 560 -81
1276 1008 -70
1497 1120 -65
1058 924 -74
1320 920 -70
1094 676 -80
1497 1497 -72
1062 1280 -57
1094 820 -71
1545 940 -68
1062 1360 -58
822 1120 -80
1142 1008 -66
1663 789 -79
822 1245 -77
1462 1348 -46
1310 1008 -64
878 748 -82
1280 1280 -55
936 676 -79
