1614 1265 -76
1267 820 -63
994 1588 -79
1640 560 -84
674 1200 -78
1280 1588 -76
674 925 -63
1420 800 -71
1267 748 -70
1612 940 -58
777 1120 -78
1166 676 -78
1094 892 -62
1497 1497 -72
1629 840 -72
1497 1028 -57
582 925 -66
1320 780 -67
1154 1360 -67
822 925 -56
1209 1008 -53
1280 1417 -75
1040 540 -79
1545 1008 -57
834 1302 -74
1224 676 -69
820 540 -80
777 925 -60
1074 1417 -68
777 1017 -69
1074 1588 -74
674 1360 -82
1142 924 -55
1165 1588 -79
1629 672 -82
674 1302 -78
857 1497 -82
1224 748 -67
777 1360 -80
1276 1008 -47
1881 789 -80
822 1177 -72
582 1360 -78
878 748 -70
1165 1497 -74
1497 1188 -64
1040 620 -76
1154 1280 -67
1629 756 -71
1280 1497 -73
1497 1120 -60
1310 1008 -47
822 1051 -68
1166 892 -62
1267 676 -71
1417 1188 -62
1394 1497 -72
1008 748 -64
1462 1348 -68
1320 700 -74
1663 789 -73
1165 1417 -69
1094 748 -67
1074 1497 -76
891 925 -53
891 994 -56
1166 820 -71
1540 560 -84
1420 660 -78
1512 1008 -57
1394 1417 -70
1540 640 -80
878 820 -68
1224 820 -68
674 1120 -77
1280 1280 -64
1209 924 -55
1478 924 -55
1062 1360 -75
1320 860 -68
1142 1008 -47
777 1200 -80
1008 820 -58
1160 540 -80
1280 1360 -66
960 925 -51
582 1200 -79
960 994 -57
1008 676 -65
822 994 -53
674 1017 -72
902 1051 -67
857 1588 -84
1497 1417 -72
936 676 -72
1394 1588 -77
1405 1360 -66
820 748 -75
1444 1008 -55
1394 924 -53
1017 925 -42
1310 924 -51
1545 1058 -68
822 1245 -71
1532 1265 -73
1377 1008 -53
1260 540 -79
1417 1268 -64
902 1245 -72
1028 1302 -72
1497 1268 -67
1417 1120 -57
1545 940 -62
777 1302 -76
1062 1280 -63
936 748 -64
1094 820 -57
902 1120 -64
878 676 -72
1017 994 -49
820 676 -69
822 1120 -68
1276 924 -56
1420 900 -68
994 1497 -81
878 892 -62
994 1405 -82
1058 924 -43
925 1302 -76
902 1177 -73
936 892 -57
820 892 -64
1166 748 -61
1094 676 -71
1497 1588 -78
1764 789 -78
1417 1028 -60
1405 1280 -62